1	2	1	2	2	1	1	1	2	1
2	2	1	2	2	1	2	1	1	1
3	2	1	2	2	2	2	2	2	2
4	2	1	2	2	2	2	2	2	2
5	2	1	2	2	2	2	2	2	2
6	2	1	2	2	2	2	2	2	2
7	2	1	2	2	2	2	2	2	2
8	2	1	2	2	2	2	2	2	2
9	2	1	2	2	2	2	2	2	2
10	2	1	2	2	2	2	2	2	2
11	2	1	2	2	2	2	2	2	2
12	1	2	1	1	1	2	1	1	2
13	1	2	2	1	1	2	2	1	1
14	1	1	1	1	1	2	1	1	1
15	1	1	1	1	1	1	1	1	1
16	1	1	1	1	1	1	1	1	1
17	1	1	1	1	1	1	1	1	1
18	1	1	1	1	1	1	1	1	1
19	1	1	1	1	1	1	1	1	1
20	1	2	1	1	1	2	2	1	2
21	1	2	1	2	1	2	2	1	1
22	1	2	2	2	1	2	1	1	1
23	1	2	1	1	2	2	2	1	1
24	1	1	1	1	1	2	1	1	1
25	2	1	1	2	1	2	1	1	2
26	2	1	2	1	2	2	2	1	2
27	2	2	2	2	2	2	1	1	1
28	1	1	2	1	1	2	1	1	2
29	2	2	2	2	2	2	1	1	2
30	2	2	2	1	1	2	1	1	2
31	2	2	2	1	2	2	2	2	2
32	1	2	2	1	2	2	1	2	2
33	1	1	2	1	1	2	1	1	2
34	2	1	1	2	1	2	1	1	1
35	1	1	1	1	1	2	1	1	1
36	1	1	1	1	1	1	1	1	1
37	1	2	1	1	1	1	1	1	1
38	2	1	1	1	1	1	1	1	1
39	2	1	1	1	1	1	1	1	1
40	2	1	2	2	1	2	1	1	2
41	2	1	1	2	1	2	1	1	2
42	1	2	2	1	1	2	2	1	2
43	2	2	1	1	1	2	1	1	1
44	2	2	2	1	1	2	1	1	1
45	2	2	2	1	1	2	1	1	1
46	2	2	2	2	1	2	1	1	2
47	2	2	2	2	1	1	1	1	2
48	2	1	2	2	1	1	1	1	2
49	2	2	2	1	1	2	1	1	1
50	2	2	1	2	1	1	1	1	1
51	2	2	2	1	1	2	1	1	2
52	2	2	2	1	1	2	2	1	2
53	1	1	1	1	1	1	1	1	1
54	1	1	1	1	1	1	1	1	1
55	1	1	1	1	1	1	1	1	1
56	1	1	1	1	1	1	1	1	1
57	1	2	1	1	1	2	1	1	1
58	1	2	2	1	2	2	1	1	2
59	1	2	1	1	2	2	1	1	2
60	1	2	2	1	1	2	2	1	2
61	1	2	2	1	2	2	1	2	2
62	1	2	2	1	2	2	2	1	2
63	1	2	2	1	2	2	1	1	1
64	1	2	2	1	1	2	1	1	2
65	2	1	2	2	1	2	1	1	1
66	2	1	2	2	1	2	1	1	2
67	2	1	2	1	1	2	1	1	1
68	2	1	2	1	1	2	1	1	2
69	2	2	2	2	1	2	1	1	2
70	2	1	2	1	1	2	1	1	2
71	2	2	2	2	1	2	1	1	1
72	2	2	2	1	1	2	1	1	2
73	2	1	2	1	1	2	1	1	1
74	1	1	2	1	2	2	1	1	2
75	1	1	2	1	1	2	1	1	2
76	1	1	2	1	1	2	1	1	1
77	1	1	2	1	1	2	2	1	1
78	1	2	2	1	1	2	1	1	2
79	1	1	2	1	2	2	1	1	2
80	2	2	2	2	1	2	1	1	2
81	2	2	2	2	2	2	2	1	1
82	2	2	2	1	2	2	1	1	2
83	2	2	2	1	2	2	1	1	2
84	2	2	2	1	1	2	1	1	2
85	2	2	2	2	2	2	2	1	2
86	2	2	2	1	2	2	1	1	2
87	2	1	2	1	2	2	1	1	2
88	2	2	2	1	2	2	1	1	1
89	2	1	2	2	1	2	1	1	2
90	2	1	2	1	1	2	1	1	2
91	2	1	2	1	1	2	2	1	2
92	2	2	2	1	1	2	1	1	2
93	2	2	2	2	2	2	1	1	2
94	2	2	2	1	2	2	1	1	2
95	2	2	1	1	2	2	1	1	2
96	2	2	2	2	2	2	1	1	1
97	2	2	1	1	1	2	1	1	1
98	2	2	2	1	2	2	1	1	2
99	2	2	2	1	2	2	1	1	1
100	1	1	1	1	1	2	1	1	1
101	2	2	1	1	1	1	1	1	1
102	2	2	1	1	1	1	1	1	1
103	2	2	2	2	1	2	1	1	1
104	2	2	2	1	1	2	1	1	2
105	2	2	2	1	1	2	1	1	1
106	2	1	2	1	1	2	1	1	1
107	2	1	2	1	1	2	1	1	2
108	2	1	2	2	2	2	1	2	1
109	2	1	2	1	2	2	1	1	1
110	2	1	2	1	2	2	1	1	1
111	2	1	1	1	2	1	1	1	1
112	1	1	2	1	1	2	1	1	1
113	1	2	2	1	1	2	1	1	2
114	1	1	2	1	1	2	1	2	1
115	1	1	2	1	1	2	1	1	2
116	1	1	2	1	1	2	1	1	2
117	1	1	2	1	1	2	1	1	2
118	1	1	2	1	1	2	1	1	2
119	1	1	2	1	1	2	1	1	2
120	1	1	2	1	1	2	1	1	1
121	2	1	1	2	1	2	1	1	2
122	2	2	1	2	1	2	2	1	2
123	2	1	1	1	2	2	1	1	2
124	2	2	2	1	2	2	2	1	2
125	2	2	2	2	1	2	2	1	2
126	2	2	1	1	2	2	1	1	2
127	2	1	1	1	2	2	1	2	2
128	2	1	2	1	1	2	2	1	2
129	1	2	2	1	2	2	2	1	2
130	2	2	1	2	1	2	2	1	1
131	1	1	1	1	1	1	1	1	1
132	2	2	1	1	1	1	1	1	1
133	2	2	2	1	1	1	1	1	1
134	2	2	2	1	1	1	2	1	2
135	2	1	2	1	2	2	2	1	1
136	2	2	2	1	2	2	2	2	2
137	2	2	2	1	2	2	2	2	2
138	2	2	2	1	2	2	2	1	2
139	2	2	1	1	2	2	2	1	2
140	2	2	2	1	2	2	2	1	2
141	2	2	2	1	2	2	2	2	2
142	2	2	2	1	2	2	2	2	2
143	1	1	2	1	1	2	1	1	1
144	1	2	2	1	1	1	1	1	1
145	1	2	1	1	1	1	1	1	1
146	2	2	2	1	1	2	1	1	2
147	2	1	2	1	1	2	1	1	2
148	2	2	2	1	1	2	1	1	2
149	2	2	2	2	1	2	2	1	2
150	1	2	2	1	1	2	2	1	2
151	1	2	2	1	1	2	1	1	1
152	1	2	2	1	1	2	1	1	1
153	1	1	2	1	1	2	1	1	1
154	1	1	1	1	1	1	1	1	1
155	1	2	2	1	1	2	1	1	2
156	2	2	1	2	1	2	1	1	2
157	2	2	2	1	1	2	1	1	2
158	2	2	2	1	1	2	1	1	2
159	2	2	1	1	1	2	1	1	2
160	2	2	1	1	1	2	1	1	2
161	2	2	1	1	1	2	1	1	2
162	2	2	1	1	1	2	1	1	2
163	2	2	1	1	1	2	1	1	2
164	2	2	2	1	1	2	1	1	2
165	2	2	1	2	1	2	1	1	2
166	2	2	1	1	1	2	1	1	1
167	2	2	1	1	1	2	1	1	2
168	2	2	2	1	1	2	2	1	2
169	1	1	1	1	1	1	1	1	1
170	2	1	1	2	2	2	2	2	2
171	2	1	2	2	2	2	2	2	2
172	2	1	2	2	2	2	2	2	2
173	2	1	2	2	2	2	2	2	2
174	2	1	2	2	2	2	2	2	2
175	2	1	2	2	2	2	2	2	2
176	2	2	2	2	2	2	2	2	2
177	2	1	2	2	2	2	2	2	2
178	2	1	2	2	2	2	2	2	2
179	2	1	2	2	2	2	2	2	2
180	2	1	2	1	1	2	1	1	2
181	2	2	2	1	2	2	1	1	2
182	1	1	1	1	1	1	1	1	1
183	1	2	1	1	1	1	1	1	1
184	1	2	1	1	1	1	1	1	2
185	1	2	1	1	1	2	1	1	1
186	1	2	2	1	1	2	1	1	2
187	1	2	2	1	1	2	1	1	2
188	1	2	2	1	1	2	1	1	2
189	1	2	2	1	1	1	2	1	2
190	1	2	2	1	1	2	2	1	1
191	1	2	2	1	1	2	1	1	2
192	1	2	2	1	1	2	2	1	2
193	1	2	2	1	1	2	1	1	2
194	1	2	2	1	1	2	1	1	2
195	1	2	2	1	1	2	1	1	1
196	2	2	2	1	1	2	1	1	2
197	2	2	1	2	1	2	1	1	2
198	2	2	2	1	1	2	1	1	2
199	2	2	2	1	1	2	1	1	2
200	2	2	2	1	1	2	1	1	2
201	2	2	2	1	1	2	1	1	2
202	2	2	2	2	1	2	2	2	2
203	2	2	2	1	1	2	1	1	2
204	2	2	2	2	1	2	1	1	2
205	2	2	2	1	2	2	2	1	2
206	2	2	1	1	2	2	1	1	2
207	2	2	1	1	1	2	1	1	2
208	2	2	1	1	1	2	1	1	2
209	2	2	1	1	1	2	1	1	2
210	2	1	2	1	2	2	2	1	2
211	2	1	1	2	1	2	1	1	1
212	2	2	1	2	2	2	1	1	2
213	2	1	2	2	2	2	1	2	1
214	2	1	2	1	2	2	1	1	2
215	2	2	2	2	1	2	2	1	2
216	1	1	2	1	2	2	1	2	2
217	2	2	2	1	2	2	1	2	2
218	1	1	1	1	2	2	2	1	2
219	1	2	1	1	1	1	1	1	1
220	1	2	1	1	1	1	1	1	1
221	1	2	1	1	1	2	1	1	1
222	1	2	1	1	1	1	1	1	1
223	1	2	1	1	1	1	1	1	1
224	1	2	1	1	1	2	1	1	1
225	2	2	2	1	2	2	1	1	2
226	2	2	2	1	2	2	1	1	2
227	1	1	1	1	1	2	1	1	1
228	1	2	1	1	1	1	1	1	1
229	1	2	1	1	1	2	1	1	2
230	1	2	1	1	1	2	1	1	2
231	1	2	1	1	1	2	1	1	2
232	1	2	1	1	1	1	1	1	1
233	1	1	1	1	1	1	1	1	1
234	1	1	1	1	1	1	1	1	1
235	1	2	1	1	1	2	1	1	2
236	1	2	1	1	1	2	1	1	1
237	1	2	1	1	1	2	1	1	1
238	1	2	1	1	1	1	1	1	1
239	1	2	1	1	1	2	1	1	2
240	1	2	1	1	1	2	1	1	1
241	1	1	1	1	1	1	1	1	1
242	1	1	2	1	1	2	1	1	2
243	1	1	2	1	1	2	1	2	2
244	1	1	2	1	1	2	1	1	2
245	1	1	2	1	1	2	1	1	2
246	1	1	1	2	2	2	1	1	1
247	1	1	2	1	1	2	1	1	2
248	1	1	2	1	1	2	1	1	2
249	1	1	1	1	1	1	1	1	1
250	1	1	1	1	1	2	1	1	1
251	1	1	1	2	1	2	1	1	1
252	1	1	2	1	1	2	1	1	1
253	1	1	1	1	1	2	1	1	1
254	1	1	1	1	1	1	1	1	1
255	1	1	1	1	1	1	1	1	1
256	1	1	1	1	1	1	1	1	1
257	1	1	2	1	1	2	1	1	1
258	1	1	2	1	1	2	1	1	2
259	1	1	2	1	1	2	2	1	2
260	1	1	2	1	1	2	1	1	1
261	1	1	1	1	1	2	1	1	1
262	1	1	2	1	1	2	1	1	2
263	1	1	2	1	1	2	1	1	1
264	1	1	1	1	1	1	1	1	1
265	2	1	1	1	2	1	1	1	2
266	2	1	2	2	2	2	1	1	2
267	2	2	1	2	2	2	1	1	2
268	2	1	1	2	2	2	1	2	2
269	2	1	1	2	2	2	1	2	2
270	2	1	1	2	2	2	1	1	2
271	2	1	1	1	1	2	1	1	2
272	2	2	1	2	1	2	1	1	2
273	2	2	2	1	1	2	1	1	2
274	2	2	1	1	1	1	1	1	1
275	2	2	1	1	1	2	1	1	1
276	2	1	1	2	1	2	1	1	1
277	2	1	2	2	1	2	1	1	2
278	2	1	1	1	1	2	1	1	1
279	2	2	2	1	1	2	1	1	1
280	1	2	1	1	1	2	1	1	1
281	1	2	1	1	1	2	1	1	1
282	1	2	1	1	1	2	1	1	1
283	1	2	1	1	1	2	1	1	1
284	1	1	2	1	1	2	1	1	1
285	1	1	1	1	1	2	1	1	1
286	1	1	1	1	1	1	1	1	1
287	1	1	1	1	1	1	1	1	1
288	1	2	1	1	1	2	1	1	1
289	1	1	1	1	1	2	1	1	1
290	1	1	1	1	1	2	1	1	1
291	1	1	1	1	1	1	1	1	1
292	1	1	1	1	1	1	1	1	1
293	1	1	1	1	1	1	1	1	1
294	1	2	1	1	1	2	1	1	1
295	1	1	2	1	1	2	1	1	2
296	1	1	1	1	1	2	1	1	2
297	1	2	1	1	1	2	2	1	2
298	1	1	1	1	1	2	1	1	2
299	1	1	1	1	1	2	1	1	2
300	1	1	2	1	1	2	1	1	2
301	1	1	1	1	1	2	1	1	2
302	1	1	1	1	1	2	1	1	1
303	2	2	2	2	2	2	2	1	2
304	2	2	2	1	2	2	2	1	2
305	2	1	2	1	2	2	2	2	2
306	2	2	1	1	2	2	2	1	2
307	2	2	2	1	2	2	2	2	2
308	2	2	2	1	2	2	2	1	2
309	2	2	1	1	2	2	2	1	2
310	2	2	1	1	2	2	1	1	1
311	2	2	2	1	2	2	2	1	1
312	2	2	2	1	2	2	2	1	1
313	1	2	2	1	1	2	1	1	2
314	2	2	1	2	1	2	2	1	2
315	2	2	1	1	1	2	1	1	2
316	2	2	1	2	1	2	1	1	2
317	2	2	2	2	1	2	2	1	2
318	2	1	2	1	1	2	1	1	2
319	1	2	1	1	1	1	1	1	1
320	2	2	2	1	1	1	2	1	2
321	2	1	2	1	1	2	2	1	2
322	2	1	2	1	2	2	1	1	1
323	2	1	2	1	1	2	1	1	2
324	2	2	1	2	1	2	2	1	2
325	2	2	2	1	1	2	1	1	1
326	2	1	2	1	2	2	2	1	2
327	2	2	2	1	2	2	1	1	2
328	2	2	2	1	2	2	1	1	2
329	2	2	2	1	1	2	2	1	2
330	2	1	2	1	2	2	1	1	1
331	2	1	2	1	2	2	2	2	2
332	1	1	1	1	1	1	1	1	1
333	1	1	2	1	1	2	1	1	2
334	1	2	2	1	2	2	1	1	2
335	1	1	2	1	2	2	2	2	2
336	1	1	2	1	1	2	1	1	2
337	1	1	1	1	1	1	1	1	1
338	1	2	1	1	1	2	1	1	1
339	1	2	1	1	1	1	1	1	1
340	1	1	2	1	1	2	1	1	2
341	1	1	1	1	1	2	1	1	1
342	1	1	2	1	1	2	1	2	2
343	1	1	2	1	1	1	1	2	1
344	1	1	1	1	1	2	1	1	2
345	1	1	2	1	1	2	2	1	2
346	1	1	2	1	1	2	1	1	2
347	1	1	2	1	1	2	2	1	2
348	1	2	1	1	1	2	2	1	2
349	1	2	1	1	2	2	1	1	2
350	1	2	1	1	1	2	1	1	2
351	1	2	1	1	1	2	1	1	1
352	1	2	1	1	1	2	1	1	1
353	1	2	1	1	1	1	1	1	1
354	1	1	1	1	1	1	1	1	1
355	1	1	1	1	1	1	1	1	1
356	1	1	1	1	1	2	1	1	1
357	1	1	1	1	1	2	1	1	1
358	1	1	1	1	1	2	1	1	1
359	1	1	1	1	1	2	1	1	1
360	1	2	1	1	1	2	1	1	1
361	1	2	1	1	1	2	1	1	1
362	1	1	1	1	1	2	1	1	1
363	1	1	1	1	1	2	1	1	1
364	1	1	1	1	1	2	1	1	2
365	1	1	1	1	1	2	1	1	1
366	1	1	1	1	1	1	1	1	1
367	1	1	1	1	1	1	1	1	1
368	2	2	1	2	1	1	1	1	1
369	2	2	2	1	2	1	1	1	1
370	2	2	2	2	1	2	1	2	2
371	2	2	2	2	2	2	2	2	2
372	2	2	2	2	2	2	2	1	2
373	2	2	2	2	2	2	2	1	2
374	2	2	2	2	2	2	1	1	1
375	2	2	2	2	2	2	2	1	1
376	2	2	2	1	1	2	2	2	2
377	2	2	1	2	2	2	2	1	2
378	2	2	2	2	2	2	2	2	1
379	2	2	2	2	2	2	2	2	2
380	2	2	1	1	1	2	2	1	2
381	1	1	1	1	1	1	1	1	1
382	2	2	1	1	1	1	1	1	1
383	2	2	1	1	1	2	1	1	1
384	2	2	2	2	2	2	1	1	2
385	2	2	2	2	1	2	1	1	2
386	2	1	1	1	1	2	1	1	1
387	2	1	2	2	1	2	1	1	1
388	2	2	2	1	1	2	1	1	2
389	2	1	2	1	1	2	1	1	2
390	2	1	2	1	1	2	1	1	1
391	2	1	2	1	1	2	1	1	2
392	2	1	1	1	1	1	1	1	1
393	1	2	2	2	1	2	1	1	2
394	1	1	2	1	1	2	1	1	2
395	1	2	1	1	1	2	2	1	2
396	1	1	2	1	1	2	1	1	2
397	1	1	2	1	1	2	1	1	2
398	1	1	1	1	1	1	1	1	1
399	1	1	1	1	1	1	1	1	1
400	1	1	1	1	1	2	1	1	1
401	1	1	2	1	1	2	1	1	2
402	1	1	2	1	1	1	1	1	1
403	1	1	2	1	1	2	1	1	2
404	1	1	1	1	1	1	1	1	1
405	1	1	2	2	1	2	2	1	2
406	1	1	1	1	1	1	1	1	1
407	1	1	1	1	1	1	1	1	1
408	1	1	2	1	1	1	1	1	1
409	1	1	1	1	1	1	1	1	1
410	2	2	1	2	1	2	1	1	2
411	2	2	1	1	2	2	2	1	2
412	2	2	1	1	2	2	2	1	2
413	2	2	2	1	2	2	2	1	2
414	2	2	1	1	2	2	1	1	2
415	2	2	2	1	2	2	2	1	2
416	2	1	2	1	2	2	2	1	2
417	2	2	1	1	2	2	2	1	1
418	2	1	2	1	2	2	2	1	2
419	2	1	2	1	2	2	2	1	1
420	1	1	2	1	1	2	2	2	2
421	2	2	2	2	1	2	1	1	2
422	2	2	2	1	1	2	2	1	2
423	2	1	2	1	1	2	2	1	2
424	2	1	2	1	1	2	2	1	2
425	2	2	2	2	1	2	2	1	2
426	2	2	1	1	1	2	2	1	2
427	2	1	2	1	2	2	2	1	2
428	2	2	2	1	2	2	2	2	2
429	2	1	2	1	1	2	2	1	2
430	2	1	2	1	1	2	2	1	2
431	2	2	1	1	2	2	2	1	2
432	2	1	2	1	1	2	1	1	1
433	2	1	1	1	1	2	1	1	2
434	2	2	2	2	2	2	2	2	2
435	2	1	2	1	2	2	1	2	2
436	2	2	2	1	2	2	1	2	2
437	1	1	2	1	2	2	2	1	2
438	1	1	2	2	2	2	1	2	2
439	2	2	2	1	2	2	2	2	2
440	1	2	2	1	1	2	2	1	2
441	2	2	1	1	1	1	1	1	1
442	2	2	2	1	1	2	1	1	2
443	2	2	2	1	1	2	2	1	2
444	1	1	1	1	1	2	1	1	2
445	1	2	1	1	1	2	1	1	2
446	1	2	2	1	2	2	2	1	1
447	1	2	2	1	1	2	2	1	1
448	1	2	2	1	2	2	2	1	2
449	1	2	1	1	2	2	1	1	1
450	2	2	1	1	1	2	1	1	1
451	2	2	2	1	1	2	2	1	2
452	2	2	2	1	1	2	2	1	2
453	2	2	2	2	1	2	2	1	2
454	2	2	2	2	2	2	2	1	2
455	2	2	1	2	2	2	1	2	2
456	2	2	2	2	2	2	2	1	2
457	2	2	2	1	1	2	2	2	2
458	2	1	2	1	2	2	1	1	2
459	2	2	2	1	1	2	1	1	2
460	2	2	2	1	2	2	1	1	2
461	2	2	2	2	1	2	1	1	2
462	2	2	2	2	2	2	1	1	2
463	2	2	2	1	2	2	2	1	2
464	2	2	2	1	2	2	2	1	2
465	2	2	2	1	2	2	2	1	2
466	2	2	2	1	2	2	2	1	2
467	2	2	1	1	1	1	1	1	1
468	2	2	1	1	1	1	1	1	1
469	2	2	1	1	1	1	1	1	1
470	2	2	1	1	1	1	1	1	1
471	2	2	1	1	1	1	1	1	1
472	1	1	1	1	1	2	1	1	1
473	2	2	1	1	1	1	1	1	2
474	1	1	1	2	1	2	1	1	2
475	2	2	1	1	1	2	1	1	2
476	2	2	1	2	2	1	1	1	2
477	2	2	1	1	1	2	1	1	2
478	2	2	1	1	1	2	1	1	1
479	2	2	1	1	1	2	2	1	2
480	2	2	1	2	2	2	1	1	2
481	2	2	1	1	1	2	2	1	2
482	2	2	1	2	1	2	1	1	1
483	2	2	1	1	1	2	1	1	2
484	2	1	2	2	1	2	1	1	1
485	2	1	2	1	1	2	2	1	2
486	2	1	1	2	1	2	1	1	1
487	2	1	1	1	1	2	1	1	1
488	2	2	1	1	1	2	1	1	2
489	2	1	1	2	2	2	1	1	1
490	2	2	1	1	1	2	1	1	2
491	2	2	1	1	1	2	1	1	2
492	1	1	1	1	1	2	1	1	1
493	2	2	1	1	1	2	1	1	1
494	1	1	2	1	2	2	1	1	1
495	1	1	2	1	1	2	2	2	1
496	1	1	1	1	1	2	1	1	1
497	1	2	1	1	1	2	1	1	1
498	1	2	2	1	1	2	1	1	2
499	1	2	1	1	1	2	1	1	2
500	1	1	2	1	2	2	1	2	2
501	1	1	2	1	2	2	2	1	2
502	1	2	1	1	1	2	1	1	1
503	1	2	1	1	1	2	1	1	1
504	1	1	1	1	1	1	1	1	1
505	1	1	1	1	1	1	1	1	1
506	1	1	1	1	1	1	1	1	1
507	1	1	1	1	1	1	1	1	1
508	1	1	1	1	1	1	1	1	1
509	1	1	1	1	1	1	1	1	1
510	1	1	1	1	1	1	1	1	1
511	1	1	1	1	1	1	1	1	1
512	1	2	1	1	1	1	1	1	1
513	1	1	1	1	1	1	1	1	1
514	1	1	1	1	1	1	1	1	1
515	1	1	1	1	1	1	1	1	1
516	2	1	1	2	1	2	1	1	1
517	2	2	1	1	2	2	1	2	2
518	2	1	1	2	2	2	2	1	2
519	2	1	1	1	2	2	1	1	2
520	2	1	1	1	2	2	1	2	2
521	2	1	2	1	1	2	2	1	2
522	2	1	1	1	1	2	1	1	2
523	2	1	1	1	2	2	2	1	2
524	2	1	1	1	1	2	2	1	1
525	2	1	2	2	1	2	1	1	2
526	2	1	2	2	2	2	2	2	2
527	2	1	2	2	2	2	2	2	2
528	2	1	2	2	2	2	2	2	2
529	2	1	2	2	2	2	2	2	2
530	2	1	2	2	2	2	2	2	2
531	2	1	2	2	2	2	2	2	2
532	2	1	2	1	2	2	2	2	2
533	2	1	2	2	2	2	2	2	2
534	2	1	2	2	2	2	2	2	2
535	2	1	2	2	2	2	2	2	2
536	2	1	2	2	2	2	2	2	2
537	2	1	2	1	2	2	2	2	1
538	2	2	2	2	1	2	1	1	1
539	2	1	2	1	1	2	1	1	2
540	2	2	2	1	1	2	1	1	2
541	2	1	2	2	1	2	1	1	2
542	2	1	2	1	1	2	1	1	2
543	2	1	2	1	1	2	1	1	2
544	2	2	2	1	1	2	2	1	2
545	2	1	2	2	1	2	1	1	2
546	2	1	1	1	1	1	1	1	1
547	1	1	1	1	1	1	1	1	1
548	1	2	2	1	1	2	1	1	2
549	1	2	1	1	1	2	1	1	2
550	1	2	2	1	2	2	1	1	2
551	1	2	2	1	2	2	2	1	2
552	1	2	2	1	1	2	2	1	2
553	1	2	2	1	2	2	1	1	2
554	1	1	1	1	1	1	1	1	1
555	1	1	1	1	1	2	1	1	1
556	1	2	2	1	1	2	1	1	1
557	1	2	2	1	2	2	1	1	1
558	1	2	1	1	1	2	1	1	1
559	1	2	1	1	1	2	1	1	2
560	1	2	2	1	1	2	1	1	2
561	1	2	1	1	1	2	2	1	1
562	2	1	1	1	1	2	1	1	1
563	2	1	2	2	2	2	1	1	2
564	2	1	2	2	2	2	2	2	2
565	2	1	2	2	2	2	1	2	2
566	2	1	2	2	2	2	1	2	2
567	2	1	2	2	2	2	1	2	2
568	2	2	2	2	2	2	2	2	2
569	2	2	2	2	2	2	2	2	2
570	2	2	2	2	2	2	2	2	2
571	2	2	2	2	2	2	2	2	2
572	1	1	1	1	1	1	1	1	1
573	2	2	1	1	1	2	1	1	1
574	2	2	1	1	1	2	1	1	2
575	2	2	1	1	1	2	1	1	2
576	2	2	1	1	1	2	1	1	1
577	2	2	1	1	1	2	1	1	2
578	2	2	2	1	1	2	1	1	1
579	2	2	2	1	2	2	1	1	2
580	2	2	2	2	1	2	1	1	2
581	2	1	2	1	1	2	2	1	2
582	2	2	2	2	2	2	2	1	2
583	2	2	1	1	1	2	1	1	1
584	2	2	2	1	1	2	1	1	2
585	1	1	1	1	1	1	1	1	1
586	1	1	1	1	1	2	1	1	1
587	1	1	1	1	1	2	1	1	1
588	1	1	1	1	1	2	1	1	1
589	2	1	1	1	1	2	1	1	1
590	2	2	1	2	1	2	1	1	1
591	1	2	2	1	1	2	1	1	2
592	2	1	2	1	1	2	2	1	2
593	2	1	1	1	1	2	1	1	2
594	2	1	1	1	1	2	2	1	1
595	2	1	1	2	1	2	1	1	1
596	1	1	2	1	1	2	1	1	2
597	1	1	1	1	1	2	1	1	2
598	1	1	1	1	1	2	1	1	1
599	1	2	2	1	2	2	1	1	2
600	1	2	2	1	1	2	1	1	2
601	1	1	2	1	2	2	1	1	2
602	1	1	2	1	1	2	1	1	2
603	1	2	2	1	1	2	2	1	2
604	1	1	2	1	1	2	1	1	2
605	1	1	2	1	1	2	1	1	2
606	1	1	2	1	1	2	1	1	2
607	1	1	2	1	1	2	1	1	2
608	1	1	2	1	1	2	1	1	1
609	1	1	2	1	1	2	1	1	2
610	1	1	2	1	1	2	1	1	1
611	2	2	2	2	1	2	1	1	2
612	2	1	2	1	1	2	2	1	2
613	2	1	2	1	2	2	2	1	2
614	2	2	2	2	1	2	1	1	2
615	2	1	2	1	2	2	2	1	2
616	2	2	2	1	1	2	1	1	1
617	2	1	2	1	2	2	2	1	1
618	2	1	2	1	1	2	1	1	1
619	2	1	2	1	1	1	1	1	1
620	2	1	2	1	1	1	1	1	1
621	2	1	2	1	1	1	1	1	1
622	2	1	2	1	1	2	1	1	2
623	2	1	2	1	1	2	1	1	2
624	2	1	2	1	1	2	1	1	1
625	2	1	2	1	1	1	1	1	1
626	2	1	1	1	1	1	1	1	1
627	1	1	1	1	1	1	1	1	1
628	1	1	2	1	1	2	1	1	2
629	1	2	2	2	1	2	1	1	2
630	2	2	1	1	1	2	1	1	1
631	2	2	2	1	1	2	1	1	2
632	2	2	2	1	1	2	2	1	2
633	2	1	2	1	1	2	1	1	2
634	2	2	1	1	1	2	1	1	2
635	2	2	2	2	1	2	1	1	1
636	2	2	2	1	1	2	1	1	1
637	2	2	1	1	1	1	1	1	1
638	2	2	2	1	1	2	1	1	2
639	2	2	1	1	1	2	1	1	1
640	2	2	2	1	1	2	1	1	1
641	2	2	2	1	1	2	1	1	2
642	2	1	1	1	2	2	1	1	1
643	2	1	1	1	1	1	1	1	1
644	2	1	1	1	1	1	1	1	1
645	2	1	1	2	1	1	1	1	1
646	2	1	2	1	1	2	1	1	2
647	2	1	1	2	1	2	1	1	1
648	2	1	2	1	1	2	1	1	1
649	2	1	1	1	1	2	1	1	1
650	2	1	1	1	1	2	1	1	1
651	2	1	1	1	1	2	1	1	2
652	2	1	2	1	1	2	2	1	2
653	2	1	2	1	1	2	1	1	1
654	2	1	2	1	1	2	2	1	2
655	2	1	2	1	1	2	1	1	2
656	2	1	1	1	1	2	2	1	1
657	1	1	2	1	1	2	1	1	2
658	1	1	2	1	1	2	1	1	2
659	1	1	2	1	1	2	1	1	2
660	1	1	1	1	1	2	1	1	2
661	1	1	1	1	1	2	1	1	1
662	1	1	1	1	1	2	1	1	2
663	1	1	1	1	1	2	1	1	1
664	1	1	1	1	1	2	1	1	2
665	1	1	1	1	2	2	1	1	1
666	1	1	1	1	2	2	1	1	1
667	1	1	2	1	1	2	1	1	2
668	1	1	2	1	1	2	1	2	2
669	1	1	2	1	1	2	2	2	2
670	1	1	2	1	1	2	2	1	2
671	1	1	2	1	1	2	1	1	2
672	1	2	1	1	1	2	1	1	1
673	1	2	1	1	1	1	1	1	1
674	1	1	2	1	1	2	1	1	1
675	1	1	2	1	1	2	1	1	1
676	1	1	2	1	1	2	1	1	2
677	1	1	2	1	1	2	1	1	2
678	1	1	1	1	1	2	1	1	1
679	1	1	2	1	1	2	1	1	2
680	1	1	2	1	1	2	1	1	2
681	1	2	1	1	1	2	1	1	1
682	1	1	1	1	1	2	1	1	1
683	1	1	1	1	1	2	1	1	1
684	1	1	1	1	1	2	1	1	1
685	1	1	1	1	1	2	1	1	1
686	1	1	1	1	1	1	1	1	1
687	2	1	1	2	1	2	1	1	2
688	2	2	2	1	1	2	1	1	2
689	2	1	2	1	1	2	1	1	2
690	2	2	1	1	1	2	1	1	2
691	2	2	2	1	1	2	1	1	2
692	2	1	1	1	1	2	1	1	2
693	2	1	2	1	1	2	2	1	2
694	2	1	2	1	1	2	1	1	2
695	2	1	2	1	1	2	2	1	2
696	2	1	2	2	2	2	1	1	2
697	2	1	2	1	2	2	2	1	2
698	2	1	2	2	2	2	1	1	2
699	2	1	2	1	1	2	1	1	2
700	2	1	1	1	1	2	1	1	2
701	2	1	2	1	1	2	1	1	2
702	2	1	2	1	2	1	1	1	2
703	2	1	1	1	1	1	1	1	2
704	2	1	1	1	1	1	1	1	1
705	1	1	1	1	1	2	1	1	1
706	2	2	2	1	1	2	2	1	2
707	2	2	2	2	1	2	1	1	1
708	2	2	2	1	1	2	2	1	2
709	2	2	2	1	1	2	1	1	1
710	2	2	2	1	1	1	1	1	1
711	2	1	2	2	1	2	1	2	1
712	2	2	2	2	2	2	2	1	1
713	2	2	2	2	2	2	2	1	1
714	2	2	2	2	2	2	2	1	2
715	2	1	2	1	2	2	1	1	1
716	2	1	2	1	2	2	1	1	2
717	2	1	1	1	1	2	1	1	1
718	2	2	2	2	1	2	1	1	1
719	2	1	2	1	2	2	1	1	1
720	2	2	2	2	1	2	1	1	1
721	2	1	2	1	2	2	1	1	1
722	2	2	2	1	2	2	1	1	1
723	2	2	2	1	2	2	2	1	1
724	2	2	2	2	2	2	1	1	1
725	2	2	2	1	2	2	1	1	1
726	2	2	2	1	2	2	1	1	1
727	2	2	2	1	2	2	1	1	1
728	1	1	1	1	1	2	1	1	1
729	1	1	1	1	1	1	1	1	1
730	1	1	2	1	1	2	1	1	1
731	1	1	2	1	1	2	1	1	1
732	1	1	1	1	1	2	1	1	1
733	1	2	2	1	2	2	1	1	2
734	1	2	1	1	1	2	1	1	2
735	1	1	2	1	1	2	1	1	2
736	1	1	2	1	1	2	1	1	2
737	1	1	1	1	1	1	1	1	1
738	1	1	2	1	2	2	2	1	2
739	1	1	2	1	2	2	2	1	1
740	1	1	2	1	2	2	2	1	2
741	1	1	1	1	1	1	1	1	1
742	2	2	1	2	1	1	1	1	2
743	2	1	2	1	2	2	1	1	2
744	2	1	1	1	2	2	2	1	2
745	2	1	1	1	2	2	2	1	2
746	2	1	1	2	1	2	1	1	2
747	2	2	1	1	2	2	1	1	2
748	2	1	1	2	2	2	1	1	2
749	2	1	1	1	2	2	2	2	2
750	2	1	1	1	1	1	2	1	1
751	2	2	1	1	1	2	1	1	2
752	2	2	2	2	1	2	1	1	2
753	2	2	1	2	1	2	2	1	2
754	2	2	1	1	1	2	2	1	2
755	2	2	1	1	1	2	1	1	2
756	2	2	2	2	1	2	2	1	2
757	2	2	2	1	2	2	2	1	2
758	2	2	1	1	1	2	2	1	2
759	2	2	1	1	1	2	2	1	2
760	2	2	1	1	1	2	1	1	2
761	2	1	2	2	1	2	1	1	1
762	2	2	2	2	2	2	2	2	2
763	2	1	2	2	2	2	2	2	2
764	2	1	2	2	2	2	1	2	2
765	2	1	2	2	2	2	2	2	2
766	2	1	2	2	2	2	2	2	2
767	2	1	2	2	2	2	2	2	2
768	2	1	2	2	2	2	2	2	2
769	2	1	2	2	2	2	2	2	2
770	2	1	2	2	2	2	2	2	2
771	2	1	2	2	2	2	2	2	2
772	2	1	2	2	2	2	2	2	2
773	2	1	2	2	2	2	2	2	2
774	2	1	2	2	2	2	2	2	2
775	2	1	2	2	2	2	2	2	2
776	1	1	1	1	1	1	1	1	1
777	1	1	1	1	1	1	1	1	1
778	1	1	1	1	1	1	1	1	1
779	2	2	1	1	1	1	1	1	1
780	2	2	1	1	1	1	1	1	1
781	2	2	1	1	1	1	1	1	1
782	2	2	2	1	1	1	1	1	1
783	2	1	1	1	1	1	1	1	1
784	1	1	1	1	1	1	1	1	1
785	2	2	2	2	1	1	1	1	1
786	2	2	2	2	1	2	1	1	2
787	2	2	2	1	1	2	1	1	2
788	2	2	2	2	1	2	1	1	2
789	2	1	2	1	2	2	1	1	1
790	2	1	2	1	1	2	1	1	2
791	1	1	1	1	1	1	1	1	1
792	1	1	1	1	1	2	1	1	1
793	1	1	1	1	1	2	1	1	1
794	1	2	1	1	1	2	1	1	2
795	1	2	2	1	1	2	1	1	2
796	1	2	1	1	1	2	1	1	1
797	1	1	1	1	1	1	1	1	1
798	1	2	2	1	1	2	1	1	1
799	1	2	1	1	1	1	1	1	1
800	1	1	1	1	1	1	1	1	1
801	1	1	1	1	1	2	1	1	1
802	1	2	2	1	1	2	1	1	1
803	1	1	1	1	1	1	1	1	1
804	1	1	1	1	1	2	1	1	1
805	1	1	2	1	1	2	1	1	2
806	1	1	2	1	1	2	1	1	2
807	1	1	2	1	1	2	2	1	2
808	1	1	1	1	1	2	1	1	2
809	1	1	2	1	1	2	1	1	1
810	1	1	1	1	1	2	1	1	1
811	1	1	2	1	1	2	1	1	1
812	1	1	2	1	1	2	1	1	2
813	1	1	2	1	1	2	1	1	2
814	1	2	1	1	1	2	1	1	2
815	1	1	2	1	1	2	1	1	1
816	1	1	2	1	1	2	2	1	2
817	2	2	2	2	1	2	1	1	2
818	2	1	2	1	1	2	1	1	2
819	2	2	2	2	1	2	1	1	2
820	2	1	2	1	2	2	1	1	2
821	2	2	2	2	1	2	1	1	2
822	2	2	2	2	1	2	1	1	2
823	2	2	2	1	1	2	1	1	2
824	2	1	2	1	1	2	2	2	2
825	2	2	2	1	2	2	1	1	2
826	2	2	2	1	2	2	1	1	2
827	2	2	1	1	1	2	2	1	1
828	2	2	2	2	1	2	1	1	2
829	2	1	1	1	2	2	2	1	2
830	2	2	2	2	1	2	1	1	1
831	2	2	2	1	2	2	2	1	2
832	2	2	2	2	1	2	1	1	2
833	2	2	2	1	1	2	2	1	2
834	2	2	2	2	1	1	1	1	1
835	2	2	1	1	2	2	1	1	2
836	2	1	1	1	1	1	1	1	1
837	2	1	2	1	1	2	1	1	2
838	2	2	2	1	1	2	2	1	2
839	2	2	1	1	2	2	2	1	2
840	2	2	2	1	2	2	2	1	2
841	2	2	2	2	2	2	1	1	1
842	2	2	2	1	2	2	2	1	2
843	2	2	2	1	2	2	2	1	2
844	2	2	2	1	2	2	2	1	1
845	2	2	2	1	2	2	2	1	2
846	2	2	2	1	2	2	2	1	1
847	2	1	2	1	2	2	2	1	1
848	2	2	1	1	2	2	1	1	1
849	1	1	1	1	1	1	1	1	1
850	2	1	2	1	1	1	1	1	1
851	2	1	2	1	1	1	1	1	1
852	2	1	2	1	1	2	2	1	2
853	2	2	2	2	1	2	1	1	1
854	2	2	2	2	1	2	1	1	1
855	2	1	2	1	2	2	2	1	1
856	2	2	2	2	2	2	1	1	1
857	2	1	2	2	2	2	1	1	2
858	2	1	2	1	1	2	1	1	1
859	2	1	2	1	2	2	1	1	1
860	2	1	1	1	1	1	1	1	1
861	2	1	1	1	1	1	1	1	1
862	2	1	1	2	1	1	1	1	1
863	2	2	2	2	2	2	1	1	1
864	2	1	1	2	1	1	1	1	1
865	2	1	1	1	2	1	1	1	1
866	1	1	1	1	1	1	1	1	1
867	1	1	1	1	1	2	1	1	1
868	1	2	2	1	1	2	1	1	2
869	1	2	2	1	1	2	1	1	2
870	2	2	2	1	1	2	1	1	1
871	2	2	1	1	1	1	1	1	1
872	2	2	1	1	1	1	1	1	1
873	2	1	1	2	1	1	1	1	1
874	2	2	2	1	1	2	1	1	1
875	2	1	2	1	1	2	1	1	2
876	2	2	2	1	1	2	1	1	2
877	2	2	2	2	2	2	1	1	2
878	2	2	2	2	1	2	2	1	2
879	2	2	2	1	1	2	1	1	1
880	1	1	1	1	1	2	1	1	1
881	2	2	1	2	1	1	1	1	1
882	2	1	2	1	1	2	1	1	2
883	2	2	2	1	1	2	1	1	2
884	2	1	2	1	1	2	1	1	2
885	2	2	1	2	1	1	1	1	1
886	2	2	2	1	1	1	1	1	1
887	2	2	2	1	1	2	1	1	2
888	2	2	2	2	1	2	1	1	2
889	2	2	2	1	1	2	1	1	2
890	2	2	1	1	2	2	1	1	1
891	2	2	2	1	1	2	1	1	1
892	2	2	2	2	1	2	1	1	2
893	2	2	2	1	1	2	1	1	1
894	2	2	2	1	1	1	1	1	1
895	2	2	2	1	1	2	1	1	1
896	1	1	1	1	1	1	1	1	1
897	1	1	1	1	1	1	1	1	1
898	1	1	1	1	1	1	1	1	1
899	1	1	2	1	1	2	1	1	2
900	1	1	2	1	1	2	1	1	1
901	1	2	1	1	1	2	1	1	1
902	1	2	1	1	1	2	1	1	1
903	1	1	1	1	1	1	1	1	1
904	1	1	1	1	1	1	1	1	1
905	1	1	2	2	1	2	1	1	1
906	1	2	2	1	1	2	1	1	1
907	1	1	2	1	1	2	2	1	1
908	1	1	2	1	1	2	1	1	1
909	1	1	1	1	1	1	1	1	1
910	1	1	2	1	1	2	1	1	2
911	1	2	1	1	1	1	1	1	1
912	1	1	1	1	1	1	1	1	1
913	1	1	2	1	1	2	1	1	1
914	1	1	1	1	1	2	1	1	1
915	1	1	2	1	2	2	1	1	1
916	1	1	2	1	1	2	1	1	1
917	1	2	1	1	1	2	1	1	1
918	1	1	2	1	1	2	1	1	1
919	1	1	1	1	1	1	1	1	1
920	1	1	2	1	1	2	1	1	1
921	1	1	2	1	1	2	1	1	1
922	1	2	2	1	1	2	1	1	1
923	1	1	2	1	1	2	1	1	1
924	1	1	1	1	1	2	1	1	1
925	1	1	2	1	1	2	1	1	1
926	1	1	2	1	1	2	1	1	1
927	1	2	1	2	1	1	2	1	1
928	2	2	1	2	2	1	1	1	2
929	2	2	2	2	2	1	1	1	2
930	2	2	1	2	2	1	2	1	2
931	2	2	1	2	2	1	2	1	2
932	1	2	1	2	1	1	1	1	2
933	1	2	1	2	2	1	1	1	2
934	1	1	2	2	1	2	2	1	1
935	2	2	1	2	2	2	2	1	2
936	2	2	1	2	2	2	2	1	2
937	2	2	1	2	2	1	1	2	2
938	2	1	2	2	2	1	2	1	1
939	2	1	2	2	1	2	1	1	2
940	2	2	2	1	1	2	2	1	2
941	1	2	2	1	1	2	1	2	1
942	1	2	1	1	1	2	1	1	2
943	2	2	2	1	2	2	2	1	2
944	2	2	2	1	2	2	1	1	2
945	2	2	2	1	2	2	2	1	2
946	2	1	1	1	1	1	1	1	1
947	2	2	1	1	1	1	1	1	1
948	2	2	1	1	1	1	1	1	1
949	2	2	2	2	1	2	1	1	2
950	2	1	2	1	1	2	2	1	2
951	2	2	2	1	1	2	2	1	2
952	2	2	2	2	1	2	2	2	1
953	2	2	2	2	1	2	1	1	2
954	2	2	2	1	1	2	1	1	2
955	2	1	2	2	1	2	1	1	1
956	2	2	2	1	1	2	2	1	2
957	2	1	2	1	1	2	2	1	2
958	1	1	2	1	1	2	1	2	2
959	1	2	2	1	1	2	1	2	1
960	1	2	1	1	1	2	1	1	2
961	1	2	2	1	1	2	1	1	2
962	1	2	1	1	1	2	1	1	1
963	1	2	2	1	1	2	1	1	2
964	1	2	2	1	1	2	1	1	2
965	1	1	1	1	1	2	1	1	2
966	1	1	1	1	1	2	1	1	2
967	1	1	2	1	1	2	2	1	2
968	1	1	2	1	1	2	2	2	2
969	1	2	2	1	2	2	1	1	2
970	1	1	1	1	1	1	1	1	1
971	2	1	1	1	1	2	1	1	1
972	2	1	2	1	2	2	1	1	1
973	2	2	1	2	1	2	1	1	2
974	2	2	2	2	2	2	1	1	2
975	2	2	2	2	2	2	1	1	2
976	2	2	2	1	2	2	1	1	2
977	2	2	2	1	2	2	1	2	2
978	2	2	1	1	2	2	2	1	1
979	2	2	2	1	2	2	1	1	2
980	2	2	2	1	2	2	1	1	2
981	2	2	1	1	1	2	1	1	2
982	1	2	2	1	1	2	1	1	2
983	1	2	2	1	1	2	1	1	2
984	1	1	2	1	1	2	1	1	1
985	1	1	1	1	1	2	1	1	1
986	2	2	2	1	1	2	1	1	2
987	2	2	2	1	1	2	1	1	2
988	2	2	2	1	1	2	1	1	2
989	2	2	2	1	1	2	2	1	2
990	2	2	2	1	1	2	2	1	2
991	2	2	2	1	1	2	1	1	2
992	2	2	2	1	1	2	1	1	2
993	2	2	2	1	1	2	1	1	2
994	2	2	2	1	1	2	1	1	2
995	2	2	1	1	2	2	1	1	2
996	2	2	2	1	2	2	1	1	2
997	2	2	2	1	2	2	2	2	2
998	2	2	2	2	1	2	1	1	2
999	2	2	2	2	1	2	2	1	2
1000	2	2	2	2	2	2	2	1	2
1001	2	2	2	2	2	2	2	1	2
1002	2	2	2	1	2	2	2	1	2
1003	2	2	2	1	1	2	2	1	2
1004	2	2	2	1	2	2	2	1	2
1005	1	1	2	1	1	2	1	1	2
1006	1	1	2	1	1	2	2	1	2
1007	1	2	2	1	1	2	1	1	2
1008	1	2	2	1	1	2	1	1	1
1009	1	2	2	1	1	2	2	1	2
1010	1	1	2	1	1	2	2	1	1
1011	1	2	2	1	1	2	2	2	2
1012	1	1	2	1	1	2	2	1	2
1013	1	2	2	1	1	2	2	1	2
1014	1	1	2	1	1	2	2	1	2
1015	1	2	2	1	1	2	1	1	2
1016	1	1	2	1	1	2	1	1	2
1017	1	1	2	1	1	2	2	1	2
1018	1	1	2	1	1	2	1	1	2
1019	1	1	2	1	1	2	2	1	1
1020	1	1	2	1	1	2	1	1	2
1021	2	1	2	2	1	2	1	1	2
1022	2	1	2	1	1	2	2	1	2
1023	1	2	2	1	1	2	1	1	2
1024	1	2	2	1	1	2	1	1	2
1025	1	1	2	1	1	2	2	1	2
1026	1	1	2	1	1	2	1	1	2
1027	1	1	2	1	1	2	1	1	2
1028	1	1	1	1	1	2	1	1	2
1029	1	1	2	1	1	2	1	1	2
1030	1	2	2	1	1	2	1	1	2
1031	1	1	2	1	1	2	1	1	2
1032	1	2	2	1	1	2	1	1	2
1033	1	1	1	1	1	2	1	1	2
1034	1	1	2	1	1	2	1	1	2
1035	1	2	2	1	1	2	2	1	2
1036	1	1	1	1	1	1	1	1	1
1037	2	2	1	2	1	2	1	1	2
1038	2	1	1	1	1	2	1	1	1
1039	2	2	1	1	1	2	1	1	2
1040	2	2	1	1	1	2	1	1	2
1041	2	2	1	1	2	2	1	1	2
1042	2	2	1	1	1	2	1	1	2
1043	2	2	1	2	2	2	2	1	2
1044	2	2	1	1	2	2	1	1	2
1045	2	2	1	1	1	2	1	1	2
1046	2	2	1	1	1	1	1	1	1
1047	2	2	2	1	1	2	1	1	2
1048	2	2	2	1	1	2	1	1	1
1049	2	2	1	2	1	2	1	1	1
1050	2	2	2	2	2	2	2	1	1
1051	2	2	2	1	1	2	1	1	2
1052	2	2	2	2	1	2	1	1	2
1053	2	1	2	1	1	2	1	1	1
1054	1	1	2	1	1	2	2	1	1
1055	2	2	2	2	1	2	1	1	1
1056	2	2	2	1	1	2	1	1	2
1057	1	1	2	1	1	2	1	1	1
1058	1	1	1	1	1	1	1	1	1
1059	2	2	1	2	1	2	1	1	1
1060	1	1	1	1	1	2	1	1	1
1061	2	2	1	2	1	2	1	1	1
1062	2	2	2	1	1	2	2	1	2
1063	2	2	2	2	1	2	2	1	2
1064	2	2	2	1	2	2	1	1	1
1065	2	2	1	1	1	2	1	2	2
1066	1	1	1	1	1	2	2	1	1
1067	2	2	2	1	2	2	1	1	2
1068	2	2	1	2	1	2	1	1	2
1069	2	2	1	1	1	2	1	1	2
1070	2	2	2	1	1	2	1	1	1
1071	1	1	2	1	1	2	2	1	2
1072	1	1	2	1	1	2	1	1	1
1073	1	1	2	1	1	2	2	1	2
1074	1	1	1	1	1	1	1	1	1
1075	1	1	1	1	1	2	1	1	1
1076	1	1	1	1	1	1	1	1	1
1077	1	1	1	1	1	1	1	1	1
1078	1	1	1	1	1	1	1	1	1
1079	1	1	1	1	1	1	1	1	1
1080	1	2	2	1	1	2	2	1	2
1081	1	1	2	1	1	2	1	1	2
1082	1	2	2	2	1	2	2	1	1
1083	1	2	2	1	1	2	2	1	1
1084	1	1	1	1	1	1	1	1	1
1085	2	2	1	1	1	1	1	1	1
1086	2	2	1	2	2	2	1	1	2
1087	2	2	2	2	2	2	2	1	2
1088	2	2	2	1	2	2	2	1	2
1089	2	2	2	2	2	2	1	1	2
1090	2	2	1	2	2	2	2	1	2
1091	2	2	1	2	2	2	2	1	2
1092	1	1	1	1	1	1	1	1	1
1093	1	1	1	1	1	1	1	1	1
1094	2	2	1	1	1	1	1	1	2
1095	2	1	1	1	1	2	1	1	2
1096	1	1	1	1	1	1	1	1	1
1097	1	1	1	1	1	1	1	1	1
1098	1	2	1	1	1	1	1	1	1
1099	1	1	1	1	1	2	1	1	1
1100	1	1	1	1	1	1	1	1	1
1101	1	2	2	1	1	2	1	1	1
1102	2	1	2	2	1	2	1	1	2
1103	2	2	2	1	1	2	1	1	2
1104	2	1	2	2	1	2	1	1	2
1105	2	2	2	2	1	2	2	1	2
1106	2	1	2	2	1	2	2	1	2
1107	2	2	2	1	2	2	2	1	2
1108	1	1	2	1	1	2	1	1	2
1109	1	1	2	1	1	2	1	1	2
1110	1	1	2	1	1	2	1	1	1
1111	1	1	2	1	1	2	1	1	2
1112	1	1	2	1	1	2	1	1	1
1113	1	1	2	1	1	2	1	1	2
1114	1	1	2	1	1	2	2	1	2
1115	1	1	2	1	1	2	2	2	2
1116	1	2	2	1	1	2	1	1	1
1117	1	1	2	1	1	2	2	1	2
1118	1	1	2	1	1	2	1	1	1
1119	1	1	1	1	1	1	1	1	1
1120	2	1	1	1	1	1	1	1	1
1121	2	2	1	1	1	2	1	1	1
1122	2	2	1	1	1	1	1	1	1
1123	2	2	2	1	2	2	1	1	1
1124	2	2	1	1	2	2	1	1	2
1125	2	2	1	1	2	2	1	1	2
1126	2	2	1	1	2	2	1	1	1
1127	2	2	2	1	2	2	1	1	2
1128	2	2	1	1	2	2	1	1	2
1129	2	2	1	2	2	2	1	1	2
1130	2	2	1	2	2	2	1	1	2
1131	2	2	1	2	2	2	1	1	2
1132	2	2	1	1	2	2	1	1	1
1133	2	2	1	2	1	1	1	1	1
1134	2	2	1	1	1	1	1	1	1
1135	2	2	2	1	1	2	1	1	2
1136	2	2	2	2	1	2	1	1	2
1137	2	2	2	1	1	2	1	1	2
1138	2	2	2	1	1	2	1	1	2
1139	2	2	2	1	1	2	1	1	2
1140	2	2	2	1	2	2	1	1	2
1141	2	2	2	2	1	2	1	1	1
1142	2	2	1	1	1	2	1	1	2
1143	2	2	2	1	2	2	1	1	1
1144	2	2	2	1	2	2	1	1	2
1145	2	2	2	1	2	2	2	1	2
1146	2	1	2	1	1	2	1	2	2
1147	1	1	1	1	1	1	1	1	1
1148	2	2	2	2	1	2	1	1	1
1149	2	2	1	1	1	2	1	1	2
1150	2	2	1	1	1	2	1	1	2
1151	2	2	2	1	1	2	1	1	2
1152	2	2	2	1	1	2	1	2	2
1153	2	2	2	1	1	2	1	2	1
1154	2	2	1	1	1	2	1	1	2
1155	2	1	2	1	1	2	1	2	2
1156	2	2	2	1	1	2	1	1	2
1157	2	1	2	1	1	2	1	1	1
1158	2	2	2	2	1	1	1	2	2
1159	2	2	2	1	1	2	1	2	2
1160	2	1	2	2	2	2	1	1	2
1161	2	1	1	2	2	2	1	1	1
1162	2	1	2	2	2	2	1	1	2
1163	2	1	2	2	2	2	1	1	2
1164	2	2	2	2	2	2	2	1	2
1165	2	1	2	2	2	2	1	1	2
1166	2	2	2	2	2	2	1	1	2
1167	2	1	2	2	2	2	1	2	2
1168	2	2	1	2	2	1	1	1	2
1169	2	1	2	2	2	2	1	1	2
1170	2	1	1	1	1	2	1	1	2
1171	2	1	1	2	1	1	1	1	1
1172	2	1	1	2	1	1	1	2	1
1173	2	1	1	2	1	1	1	2	1
1174	2	1	1	2	2	1	1	1	1
1175	2	1	1	2	1	1	1	1	1
1176	2	1	2	2	2	1	1	1	1
1177	2	1	2	2	1	1	1	2	1
1178	2	1	2	2	1	2	2	2	1
1179	1	1	2	2	2	2	1	1	2
1180	2	1	2	2	2	2	1	1	2
1181	2	2	1	2	1	2	2	2	2
1182	1	1	2	1	1	2	2	2	2
1183	1	2	2	1	1	2	1	2	2
1184	1	1	1	1	1	1	1	1	1
1185	1	2	1	1	1	2	1	1	1
1186	1	1	1	2	1	1	1	1	1
1187	2	2	1	1	1	1	1	1	1
1188	2	2	1	2	2	2	1	1	2
1189	2	2	1	1	1	1	1	1	1
1190	2	2	1	1	2	1	1	1	1
1191	2	2	1	1	1	1	1	1	1
1192	1	2	1	1	2	2	1	1	1
1193	1	2	1	1	2	2	1	1	1
1194	2	1	2	1	2	2	1	1	2
1195	1	1	1	1	1	1	1	1	1
1196	1	2	1	1	1	1	1	1	1
1197	1	2	1	1	1	1	1	1	1
1198	1	2	1	1	1	2	1	1	1
1199	1	1	1	1	1	2	1	1	1
1200	1	1	1	1	1	2	2	1	1
1201	1	1	1	1	1	2	2	1	1
1202	1	2	1	1	1	2	2	1	1
1203	1	1	1	1	1	2	2	1	1
1204	1	2	1	1	1	1	1	1	1
1205	1	2	1	1	1	1	1	1	1
1206	1	2	1	1	1	1	1	1	1
1207	1	2	1	1	1	1	1	2	1
1208	1	2	1	1	1	1	1	1	1
1209	1	1	1	1	1	1	1	1	1
1210	1	2	1	1	1	1	1	1	1
1211	1	1	1	2	1	2	1	1	2
1212	1	2	2	1	1	2	1	1	2
1213	1	1	1	1	1	2	1	1	2
1214	1	2	1	1	1	2	1	2	2
1215	1	1	1	1	1	2	1	1	2
1216	1	2	1	1	1	2	1	1	2
1217	1	1	1	1	1	1	1	1	1
1218	1	2	2	1	1	1	1	1	1
1219	1	1	1	1	1	1	1	1	1
1220	1	2	2	1	1	2	1	1	1
1221	1	1	1	1	1	1	1	1	1
1222	1	1	1	1	1	1	1	1	1
1223	1	1	2	1	1	2	1	1	2
1224	1	1	2	1	1	2	1	1	2
1225	1	2	2	1	1	2	2	1	1
1226	1	2	1	1	1	1	1	1	1
1227	1	1	1	1	1	1	1	1	1
1228	1	2	1	1	1	2	1	1	1
1229	1	1	2	1	2	2	1	1	2
1230	1	1	2	1	1	2	1	1	1
1231	1	1	2	1	1	2	1	1	1
1232	1	1	1	1	1	1	1	1	1
1233	1	1	1	1	1	1	1	1	1
1234	1	1	1	1	1	1	1	1	1
1235	2	2	2	2	1	2	2	2	2
1236	2	2	2	2	2	2	1	1	1
1237	2	2	2	2	1	2	1	1	2
1238	2	2	2	2	2	2	2	1	2
1239	2	2	2	1	1	2	1	1	1
1240	2	2	2	2	2	1	2	1	1
1241	1	2	2	1	1	1	1	1	2
1242	1	2	2	1	1	1	1	1	2
1243	1	1	2	1	1	1	1	1	1
1244	1	1	1	1	1	1	1	1	1
1245	1	2	1	1	1	1	1	1	1
1246	1	2	1	1	1	1	1	1	1
1247	1	2	1	1	1	1	1	1	1
1248	1	2	1	1	1	1	1	1	1
1249	1	2	2	1	1	1	1	1	1
1250	1	2	1	1	1	2	1	1	2
1251	1	2	1	1	1	1	1	1	1
1252	1	2	1	1	1	1	1	1	1
1253	1	2	2	1	1	2	1	1	2
1254	1	1	1	1	1	1	1	1	1
1255	1	1	1	1	1	1	1	1	1
1256	1	1	1	1	1	1	1	1	1
1257	1	1	1	1	1	1	1	1	1
1258	1	1	1	1	1	1	1	1	1
1259	1	1	1	1	1	1	1	1	1
1260	1	2	1	1	1	2	1	1	1
1261	1	2	1	1	1	2	1	1	1
1262	1	2	1	1	1	2	1	1	1
1263	1	2	1	1	1	2	1	1	1
1264	1	1	1	1	1	1	1	1	1
1265	1	2	1	1	1	2	1	1	1
1266	1	2	1	1	1	2	1	1	1
1267	1	2	1	1	1	2	1	1	1
1268	1	1	1	1	1	1	1	1	1
1269	2	2	1	1	1	2	1	2	2
1270	2	2	2	1	1	2	1	2	1
1271	1	2	1	1	1	2	1	1	1
1272	2	2	1	1	1	2	1	2	1
1273	2	2	1	1	1	2	1	2	2
1274	2	2	1	1	1	2	1	2	1
1275	2	2	2	1	1	2	1	2	1
1276	2	2	1	1	1	1	1	2	2
1277	2	2	1	1	1	1	1	2	2
1278	2	2	1	1	1	1	1	2	2
1279	2	2	1	1	2	2	1	2	1
1280	1	1	1	1	2	1	2	1	1
1281	1	1	1	1	1	1	1	1	1
1282	1	1	1	1	1	1	1	1	1
1283	1	1	1	1	1	2	1	1	1
1284	1	2	1	1	1	1	1	1	1
1285	1	1	1	1	1	1	1	1	1
1286	1	1	1	1	1	1	1	1	1
1287	1	1	1	1	1	1	1	1	1
1288	1	1	1	1	2	1	1	1	1
1289	1	1	1	1	1	1	1	1	1
1290	1	1	1	1	1	1	1	1	1
1291	1	1	1	1	1	1	1	1	1
1292	1	1	1	1	1	1	1	1	1
1293	1	1	1	1	1	1	1	1	1
1294	2	2	1	2	1	2	1	1	1
1295	2	2	2	1	1	2	1	1	1
1296	2	2	2	1	1	2	1	1	1
1297	2	2	2	1	1	2	1	1	1
1298	2	2	2	2	1	2	2	1	1
1299	2	2	2	1	2	2	1	1	1
1300	2	2	2	1	2	2	2	1	1
1301	2	2	2	1	2	2	1	1	1
1302	2	2	2	1	2	2	2	1	1
1303	2	2	2	2	2	2	1	1	2
1304	2	2	1	1	2	2	2	1	1
1305	2	2	2	1	2	2	1	1	1
1306	2	2	2	1	1	2	2	1	2
1307	2	2	2	1	1	2	1	1	2
1308	2	1	2	1	2	2	1	1	1
1309	2	2	2	2	1	2	1	1	2
1310	2	1	2	1	1	2	1	1	2
1311	2	2	2	2	1	2	1	1	1
1312	2	2	2	1	2	2	1	1	2
1313	2	2	2	1	1	2	1	1	2
1314	2	1	2	1	1	2	1	1	1
1315	2	2	2	1	1	2	2	1	2
1316	2	1	2	2	2	2	1	1	1
1317	2	1	2	1	1	2	1	1	1
1318	2	2	1	2	1	2	1	1	2
1319	2	2	2	1	1	2	1	1	2
1320	2	1	2	1	1	2	1	1	1
1321	2	2	1	1	1	2	1	1	1
1322	2	2	1	2	1	2	1	1	2
1323	2	2	1	1	1	1	1	1	2
1324	2	2	1	1	1	2	1	1	1
1325	2	2	1	1	1	2	1	1	1
1326	2	2	2	1	1	2	1	1	1
1327	2	2	2	1	2	2	1	1	2
1328	2	2	2	1	1	2	1	1	1
1329	2	1	2	1	1	2	1	1	2
1330	2	2	2	1	1	1	1	1	2
1331	2	2	2	1	2	2	1	1	2
1332	2	2	2	1	1	2	1	1	1
1333	1	1	2	1	1	2	1	1	2
1334	1	2	1	1	2	2	1	1	1
1335	1	1	2	1	2	2	2	1	2
1336	1	1	2	1	1	2	1	1	1
1337	1	2	2	1	1	2	1	1	1
1338	1	2	2	1	1	2	1	1	1
1339	1	2	2	1	2	2	1	1	2
1340	1	1	2	1	1	2	1	1	1
1341	1	2	1	1	1	1	1	1	1
1342	1	2	2	1	1	2	1	1	1
1343	1	1	2	1	2	2	1	1	2
1344	1	1	2	1	1	2	1	1	1
1345	1	1	2	1	1	2	1	1	1
1346	1	2	2	1	1	2	1	1	1
1347	1	2	2	1	2	1	1	1	1
1348	1	1	1	1	1	2	1	1	2
1349	1	1	2	1	1	2	2	1	1
1350	1	1	1	1	1	2	1	1	1
1351	1	1	2	1	1	2	1	1	1
1352	1	1	2	1	1	2	1	1	2
1353	2	2	2	1	1	2	1	1	1
1354	2	1	2	1	1	2	1	1	2
1355	1	1	2	1	1	2	1	1	1
1356	1	2	2	1	1	2	1	1	2
1357	1	1	2	1	1	2	1	1	1
1358	1	2	2	1	1	2	1	1	1
1359	1	1	2	1	1	2	1	1	2
1360	1	2	2	1	1	1	1	1	1
1361	1	1	2	1	1	2	1	1	2
1362	1	2	2	1	1	2	1	1	1
1363	1	1	1	1	1	1	1	1	1
1364	2	2	1	1	1	1	1	1	1
1365	2	2	1	2	1	2	1	1	1
1366	2	2	1	2	2	2	2	1	2
1367	2	2	1	2	2	2	2	1	2
1368	2	2	1	1	2	2	2	1	2
1369	2	2	1	2	1	1	1	1	1
1370	2	2	1	1	1	1	1	1	1
1371	2	2	1	1	1	2	1	1	2
1372	2	2	1	1	1	2	1	1	2
1373	2	2	2	1	1	2	2	1	2
1374	1	1	1	1	1	1	1	1	1
1375	2	2	1	1	1	1	1	1	1
1376	2	2	2	1	1	2	1	1	2
1377	2	2	1	1	1	1	1	1	1
1378	2	2	2	1	1	2	1	1	2
1379	2	2	2	1	1	2	1	1	2
1380	2	2	1	2	1	1	1	1	1
1381	2	2	2	2	1	2	1	1	1
1382	1	1	2	1	1	2	1	1	2
1383	1	1	2	1	1	2	1	1	1
1384	1	1	2	1	1	2	1	1	1
1385	1	1	2	1	1	2	1	1	1
1386	2	2	1	2	1	2	1	1	1
1387	2	2	2	2	2	2	1	1	1
1388	2	2	2	1	2	2	1	1	1
1389	2	2	1	1	2	1	2	1	1
1390	2	2	1	1	1	2	1	1	1
1391	2	2	1	1	1	2	1	1	1
1392	2	2	1	2	1	2	1	1	2
1393	2	2	1	1	2	2	1	1	1
1394	2	2	1	1	2	2	1	1	2
1395	2	2	2	1	1	2	2	1	2
1396	2	2	1	2	1	2	1	1	2
1397	2	2	2	1	1	2	1	1	2
1398	2	2	1	1	1	2	1	1	1
1399	2	2	2	1	1	1	1	1	1
1400	2	2	1	1	1	1	1	1	1
1401	2	2	2	1	2	2	1	1	2
1402	2	2	2	1	2	2	1	1	2
1403	2	2	2	1	2	2	2	1	2
1404	2	1	2	1	1	2	1	1	2
1405	2	2	1	1	1	2	1	1	1
1406	2	2	2	1	1	2	1	1	2
1407	2	2	2	1	2	2	1	1	2
1408	2	2	2	2	1	2	1	1	2
1409	2	2	2	2	1	2	1	1	2
1410	2	2	2	1	1	2	1	1	2
1411	2	2	2	1	1	2	2	1	2
1412	2	2	1	2	1	2	1	1	2
1413	2	2	2	1	1	2	2	1	2
1414	2	2	2	1	2	2	2	1	2
1415	2	2	2	1	1	2	2	1	2
1416	2	2	2	1	1	2	1	2	2
1417	2	2	1	1	1	2	1	1	2
1418	1	1	2	1	1	2	1	2	2
1419	1	2	2	1	1	2	1	1	2
1420	2	1	1	1	1	2	1	1	1
1421	2	1	2	1	1	2	1	1	2
1422	2	2	2	1	1	2	1	1	2
1423	2	2	1	2	1	2	1	1	2
1424	2	2	2	1	1	2	1	1	2
1425	2	1	2	2	2	2	1	1	2
1426	2	1	2	2	1	2	1	1	2
1427	2	2	2	1	1	2	1	1	2
1428	2	2	1	2	2	2	1	1	2
1429	2	1	1	1	2	2	1	1	1
1430	2	2	2	1	2	2	1	1	2
1431	2	1	2	1	1	2	1	1	2
1432	1	1	2	1	1	2	1	1	2
1433	2	2	2	2	1	2	1	1	2
1434	2	2	1	2	1	2	1	1	1
1435	2	1	2	1	1	2	1	1	2
1436	2	1	2	2	1	2	1	1	1
1437	2	2	1	1	1	2	1	1	2
1438	2	2	2	2	2	2	1	1	1
1439	2	2	1	2	2	2	1	1	1
1440	2	2	1	1	2	2	1	1	1
1441	2	2	2	1	1	2	1	1	2
1442	2	2	2	1	1	2	1	1	2
1443	2	1	2	1	2	2	1	1	2
1444	2	2	2	1	2	2	1	1	2
1445	2	1	2	1	2	2	1	1	2
1446	1	1	2	1	1	2	1	1	2
1447	1	1	1	1	1	2	1	1	1
1448	1	1	1	1	1	1	1	1	1
1449	2	2	2	2	2	2	2	1	2
1450	2	2	2	2	2	2	2	1	2
1451	2	1	2	1	2	2	1	1	2
1452	2	1	2	1	2	2	1	1	1
1453	1	1	1	2	1	2	1	1	1
1454	2	2	2	1	1	2	2	1	1
1455	2	2	2	1	2	2	1	1	2
1456	2	2	1	1	1	2	1	1	1
1457	2	2	2	1	1	2	1	1	2
1458	2	1	2	1	1	2	2	1	2
1459	2	2	2	1	1	2	2	1	2
1460	2	2	2	2	1	2	2	1	1
1461	2	2	2	2	1	2	1	1	2
1462	2	2	2	2	2	2	2	1	1
1463	2	1	2	2	1	2	1	1	2
1464	1	1	1	1	1	2	1	1	1
1465	1	1	1	1	1	2	1	1	1
1466	1	2	2	1	1	2	1	1	1
1467	1	1	2	1	2	2	2	1	2
1468	1	2	2	1	2	2	2	1	2
1469	1	1	2	1	1	2	2	1	1
1470	1	2	1	1	1	2	1	1	2
1471	1	2	1	1	1	2	1	1	2
1472	2	2	1	2	1	1	1	1	1
1473	2	2	1	1	1	2	1	1	2
1474	2	2	2	2	1	2	1	1	2
1475	2	1	2	1	2	2	1	1	2
1476	2	2	2	2	1	2	1	1	2
1477	2	2	2	2	2	2	1	1	1
1478	2	2	2	1	1	2	1	1	2
1479	2	1	1	1	1	2	1	1	1
1480	2	1	1	1	2	2	1	1	1
1481	2	2	1	2	1	2	1	1	1
1482	2	2	2	1	2	2	1	1	1
1483	1	1	1	1	1	2	1	1	1
1484	2	2	2	1	1	2	1	1	1
1485	2	2	1	1	1	2	1	1	1
1486	1	1	1	1	1	1	1	1	1
1487	2	1	1	1	1	1	1	1	1
1488	2	1	1	2	1	1	1	1	1
1489	2	1	1	1	1	1	1	1	1
1490	2	1	1	1	1	1	1	1	1
1491	2	2	1	1	1	2	1	1	1
1492	2	1	1	1	1	1	1	1	1
1493	2	1	2	1	1	2	1	1	1
1494	2	1	1	1	1	1	1	1	1
1495	2	1	1	1	1	1	1	1	1
1496	2	1	1	1	1	2	1	1	1
1497	1	1	1	1	1	2	1	1	1
1498	2	1	1	1	2	2	1	1	1
1499	1	1	1	1	1	2	1	1	1
1500	2	1	2	1	1	2	1	1	2
1501	2	1	2	1	1	2	1	1	2
1502	2	2	1	1	1	2	1	1	1
1503	2	2	1	1	1	2	1	1	1
1504	2	2	1	1	1	2	1	1	1
1505	2	2	1	2	2	2	1	1	1
1506	2	1	2	1	1	2	1	1	2
1507	2	1	2	1	1	2	1	1	1
1508	2	1	2	1	1	2	1	1	2
1509	2	2	1	1	1	2	2	1	2
1510	2	2	2	1	1	2	2	1	2
1511	2	1	1	1	1	2	1	1	1
1512	2	2	1	2	1	2	1	1	1
1513	2	1	2	1	1	2	1	1	1
1514	1	1	1	1	1	2	1	1	1
1515	1	1	2	1	1	2	1	1	1
1516	1	1	2	1	1	2	1	1	2
1517	1	1	2	1	1	2	1	1	2
1518	1	1	2	1	1	2	2	1	2
1519	1	2	2	1	1	2	2	1	2
1520	1	2	2	1	1	2	2	1	2
1521	1	2	2	1	1	2	2	1	2
1522	1	2	2	1	1	2	1	2	2
1523	1	2	2	1	1	2	1	1	2
1524	1	1	1	1	1	2	1	1	2
1525	1	1	1	1	1	2	1	1	2
1526	1	1	2	1	1	2	1	1	2
1527	1	2	2	1	1	2	1	1	2
1528	1	2	2	1	1	2	2	1	2
1529	1	2	2	1	1	2	2	2	2
1530	1	1	2	1	1	2	2	1	2
1531	1	1	2	1	1	2	1	1	2
1532	1	1	2	1	1	2	1	1	2
1533	1	1	2	1	1	2	1	1	1
1534	1	1	1	1	1	2	1	1	1
1535	1	1	2	1	1	2	1	1	2
1536	1	1	1	1	1	2	1	1	1
1537	1	1	2	1	1	2	1	1	2
1538	1	1	1	1	2	2	1	1	1
1539	1	1	2	1	1	2	1	1	1
1540	1	1	2	1	1	2	1	1	1
1541	1	1	1	1	1	2	1	1	1
1542	1	1	2	1	1	2	1	1	2
1543	1	1	1	1	1	2	1	1	1
1544	1	1	1	1	1	1	1	1	1
1545	1	2	1	1	2	2	1	1	1
1546	1	1	2	1	1	2	1	1	2
1547	1	1	1	1	2	1	1	1	1
1548	2	2	1	2	2	2	1	1	2
1549	2	1	1	1	2	2	2	2	2
1550	2	2	1	1	1	2	1	2	2
1551	2	1	2	1	2	2	2	2	2
1552	1	1	1	1	1	2	1	1	2
1553	1	1	1	1	1	2	1	1	2
1554	1	1	1	1	1	2	1	1	2
1555	1	1	1	1	1	2	1	1	1
1556	1	1	1	1	1	1	1	1	1
1557	1	1	1	2	1	1	1	1	1
1558	2	1	1	2	1	1	1	1	1
1559	1	1	1	2	1	1	1	1	1
1560	2	2	1	1	1	1	1	1	1
1561	2	2	1	1	1	1	1	1	1
1562	2	2	1	1	1	1	1	1	1
1563	1	2	1	2	1	2	1	2	1
1564	2	2	2	2	1	1	1	1	1
1565	2	2	2	2	1	1	1	1	2
1566	2	2	1	2	1	1	1	1	2
1567	2	2	2	2	1	1	1	1	1
1568	2	1	1	1	1	1	1	1	1
1569	2	2	1	2	1	2	1	1	1
1570	2	2	1	2	1	2	1	2	1
1571	2	1	2	2	2	2	2	1	1
1572	1	1	1	1	1	2	1	1	1
1573	1	1	1	1	1	2	1	1	1
1574	1	1	2	1	1	2	1	1	1
1575	1	1	2	1	1	2	1	1	2
1576	2	2	1	2	1	2	1	1	1
1577	2	1	2	1	1	2	1	1	2
1578	2	2	2	2	1	2	1	1	2
1579	1	1	2	1	1	2	1	1	2
1580	1	1	2	1	1	2	1	1	2
1581	2	2	2	2	1	2	1	1	2
1582	2	2	1	1	1	2	1	1	2
1583	2	1	1	1	1	2	1	1	2
1584	1	1	1	1	1	1	1	1	1
1585	1	1	2	1	1	2	1	1	2
1586	1	2	2	1	1	2	1	1	1
1587	1	2	2	1	1	2	1	1	2
1588	1	2	1	1	1	1	1	1	1
1589	1	2	2	1	1	2	2	1	2
1590	1	2	2	1	1	2	1	1	1
1591	1	2	1	1	2	2	1	1	1
1592	1	2	1	1	1	2	1	1	2
1593	1	2	1	1	1	1	1	1	1
1594	1	1	2	1	1	2	1	1	2
1595	1	1	2	1	1	2	1	1	2
1596	1	2	2	1	2	2	1	1	1
1597	1	2	2	1	1	2	1	1	2
1598	1	1	2	1	2	2	1	1	2
1599	1	1	1	1	1	1	1	1	1
1600	1	1	1	1	1	1	1	1	1
1601	1	1	1	1	1	1	1	1	1
1602	1	1	2	1	1	2	1	2	2
1603	1	2	2	1	1	2	1	1	2
1604	1	1	2	1	1	2	1	1	1
1605	1	1	2	1	1	2	1	1	1
1606	1	1	2	1	1	2	1	1	1
1607	1	1	2	1	1	2	1	2	2
1608	1	1	2	1	1	2	1	2	2
1609	1	1	2	1	1	2	1	1	2
1610	1	1	2	1	1	2	1	1	2
1611	1	1	2	1	1	2	1	1	1
1612	2	2	2	2	1	2	2	1	2
1613	2	2	2	2	1	2	1	1	2
1614	2	1	2	1	2	2	1	1	2
1615	2	1	2	2	2	2	1	1	2
1616	2	2	2	1	1	2	1	1	2
1617	2	2	2	1	1	2	2	1	2
1618	2	2	2	1	2	2	2	1	2
1619	2	2	2	1	2	2	1	1	1
1620	2	1	2	1	1	2	2	1	2
1621	1	1	1	1	1	2	1	1	1
1622	2	2	1	2	1	2	1	1	1
1623	2	2	2	1	1	2	1	2	2
1624	2	2	2	1	1	2	1	2	1
1625	2	2	2	1	1	2	1	2	2
1626	2	2	1	2	1	2	1	1	1
1627	2	2	2	1	2	2	1	1	2
1628	2	2	1	1	1	2	1	1	2
1629	2	2	2	1	1	2	1	1	2
1630	2	2	1	2	1	2	1	1	1
1631	2	2	2	1	1	2	1	1	2
1632	2	2	2	1	1	2	1	1	2
1633	2	1	2	1	1	2	1	1	2
1634	2	1	2	1	1	2	1	1	2
1635	2	1	2	1	1	2	1	1	2
1636	1	1	1	1	1	2	1	1	1
1637	1	1	1	1	1	1	1	1	1
1638	1	1	1	1	1	2	1	1	1
1639	1	1	2	1	1	2	1	2	2
1640	1	2	2	1	1	2	1	1	2
1641	1	1	1	1	1	2	1	1	2
1642	1	2	2	1	1	2	1	1	2
1643	1	1	2	1	1	2	1	1	2
1644	1	2	2	1	1	2	1	1	2
1645	1	1	2	1	1	2	1	1	1
1646	1	1	1	1	1	2	1	1	2
1647	1	1	2	1	1	2	1	1	2
1648	1	2	2	1	1	2	1	1	1
1649	1	1	2	1	1	2	1	1	2
1650	1	1	2	1	1	2	1	2	2
1651	1	1	1	1	1	1	1	1	1
1652	2	2	1	1	1	2	1	1	1
1653	2	2	1	1	1	2	1	1	2
1654	2	2	1	1	1	2	1	1	2
1655	2	2	1	1	1	2	1	1	2
1656	2	2	1	1	2	2	1	1	2
1657	2	2	1	1	2	2	2	1	2
1658	2	2	1	2	1	2	1	1	2
1659	2	2	1	1	1	2	2	1	2
1660	2	2	2	2	1	2	1	1	2
1661	2	2	1	1	2	2	2	1	2
1662	2	2	1	1	2	2	1	1	2
1663	2	2	1	2	2	2	1	1	2
1664	2	2	1	2	1	2	1	1	1
1665	2	2	1	1	2	2	1	1	2
1666	2	2	1	1	2	2	1	1	2
1667	1	1	1	1	1	1	1	1	1
1668	2	2	1	1	1	2	1	1	1
1669	2	2	2	1	1	2	1	1	2
1670	2	1	2	1	1	2	2	1	2
1671	2	2	2	2	1	2	1	1	2
1672	2	2	2	2	1	2	1	1	2
1673	2	1	2	1	1	2	1	1	2
1674	2	2	2	2	1	2	1	1	2
1675	2	2	2	1	1	2	2	1	2
1676	1	1	2	1	1	2	2	1	1
1677	2	1	2	2	1	2	2	1	2
1678	2	2	2	2	2	2	2	1	1
1679	2	1	2	1	2	2	1	1	2
1680	1	2	2	1	1	2	1	1	1
1681	1	1	2	1	2	2	1	1	2
1682	2	2	2	2	1	2	1	1	1
1683	2	2	2	1	1	2	1	1	2
1684	2	2	2	1	1	2	1	1	2
1685	2	2	2	1	1	2	1	1	2
1686	2	2	2	1	1	2	2	1	2
1687	2	1	2	1	1	2	2	2	2
1688	2	2	2	1	2	2	2	1	1
1689	2	2	2	1	1	2	1	1	2
1690	2	2	2	1	2	2	2	1	1
1691	2	2	2	1	2	2	2	1	2
1692	2	2	2	1	2	2	1	1	2
1693	2	2	2	1	2	2	1	2	2
1694	2	1	2	1	1	2	2	1	2
1695	2	1	2	1	2	2	1	1	2
1696	2	2	2	1	2	2	1	1	2
1697	2	1	2	1	1	2	1	1	1
1698	1	1	1	1	1	1	1	1	1
1699	2	2	1	1	1	2	1	1	1
1700	2	2	1	1	1	2	1	1	2
1701	2	2	2	1	1	2	1	1	2
1702	2	2	2	2	2	2	1	2	2
1703	2	2	1	1	1	2	1	1	1
1704	2	2	1	2	2	2	1	1	1
1705	2	2	2	1	2	2	1	1	2
1706	2	1	2	1	2	2	1	1	2
1707	2	2	2	1	1	2	1	1	1
1708	2	1	2	1	1	2	1	1	2
1709	1	1	2	1	1	2	1	1	1
1710	1	1	2	1	1	2	1	1	2
1711	1	1	1	1	1	2	1	1	2
1712	2	2	1	2	1	2	1	1	2
1713	1	1	1	1	1	2	1	1	1
1714	2	1	1	1	1	2	1	1	1
1715	2	2	1	1	1	2	2	2	2
1716	2	2	2	1	1	2	1	1	2
1717	2	2	2	1	2	2	2	1	2
1718	2	2	2	1	2	2	2	1	2
1719	2	2	2	1	1	2	1	1	2
1720	2	1	1	2	1	2	1	1	1
1721	2	2	2	1	1	2	1	1	2
1722	2	2	1	2	2	2	1	1	1
1723	2	1	2	2	2	2	1	1	2
1724	2	2	1	1	1	2	1	1	1
1725	2	2	1	2	1	2	1	1	1
1726	2	1	2	1	1	2	1	1	1
1727	2	2	2	1	2	2	1	1	2
1728	2	2	2	1	2	2	2	1	1
1729	2	2	1	1	2	2	1	1	2
1730	2	2	2	1	2	2	1	1	1
1731	2	2	2	2	2	2	1	1	1
1732	2	2	2	1	1	2	2	1	2
1733	1	2	2	1	1	2	1	1	1
1734	1	1	2	1	1	2	1	1	1
1735	1	1	1	1	1	2	1	1	1
1736	1	1	2	1	1	2	1	1	1
1737	1	1	2	1	1	2	1	1	2
1738	1	2	2	1	1	2	1	1	2
1739	1	2	1	1	1	1	1	1	1
1740	1	1	2	1	1	2	1	1	1
1741	1	1	2	1	1	2	1	1	1
1742	1	2	2	1	1	2	1	1	1
1743	1	2	2	1	1	2	1	1	1
1744	1	1	1	1	1	1	1	1	1
1745	2	1	2	2	1	2	1	1	1
1746	1	1	2	2	2	2	2	1	1
1747	1	2	1	1	1	2	1	1	1
1748	1	2	1	1	1	2	1	1	1
1749	1	1	1	1	1	1	1	1	1
1750	1	2	1	1	1	2	1	1	2
1751	1	1	1	1	1	2	1	1	1
1752	1	1	2	1	1	2	1	1	2
1753	1	2	1	1	1	2	1	1	1
1754	1	2	1	1	1	2	1	1	1
1755	1	2	1	1	1	2	1	1	1
1756	1	2	1	1	2	2	1	1	1
1757	1	2	2	1	2	2	2	1	2
1758	1	2	2	1	2	2	1	1	2
1759	1	2	2	1	2	2	2	1	2
1760	1	2	2	1	2	2	1	1	1
1761	1	2	2	1	2	2	1	1	1
1762	1	2	1	1	1	2	1	1	1
1763	1	2	2	1	2	2	1	1	2
1764	1	1	2	1	1	2	2	1	2
1765	1	2	2	1	2	2	1	1	2
1766	1	2	2	1	2	2	2	1	1
1767	1	1	2	1	2	2	1	1	2
1768	1	1	1	1	2	2	1	1	1
1769	1	1	1	1	1	1	1	1	1
1770	1	1	1	1	1	1	1	1	1
1771	2	1	1	1	1	2	1	1	1
1772	2	2	2	2	1	2	1	1	1
1773	2	1	2	1	1	2	1	1	1
1774	2	2	2	1	1	2	2	1	2
1775	2	2	2	1	1	2	2	1	1
1776	2	2	2	1	1	2	1	1	2
1777	2	2	2	2	1	2	1	1	2
1778	2	2	2	1	1	2	1	1	1
1779	2	2	2	1	1	2	1	1	1
1780	2	2	2	1	1	2	1	1	1
1781	2	1	2	1	1	2	2	1	2
1782	2	1	2	1	2	2	1	1	1
1783	2	2	1	2	1	2	1	1	1
1784	2	2	2	1	1	2	1	1	1
1785	2	1	2	1	1	2	1	1	2
1786	2	2	1	1	1	2	1	1	2
1787	1	1	2	1	1	2	1	1	2
1788	1	2	2	1	1	2	1	1	2
1789	1	1	2	1	1	2	1	1	2
1790	1	1	2	1	1	2	1	1	2
1791	1	1	1	1	1	2	1	1	1
1792	1	1	1	1	1	1	1	1	1
1793	1	2	1	1	1	1	1	1	1
1794	1	2	1	1	1	1	1	1	1
1795	1	2	1	1	1	1	1	1	1
1796	1	2	1	1	2	2	1	1	2
1797	1	2	2	1	1	2	1	1	2
1798	1	2	2	1	1	2	1	1	2
1799	1	2	1	1	1	2	1	1	1
1800	1	2	1	1	1	2	1	1	2
1801	1	2	1	1	1	2	1	1	1
1802	1	2	1	1	1	1	1	1	1
1803	1	2	1	1	1	1	1	1	1
1804	1	2	1	1	1	1	1	1	1
1805	1	2	1	1	1	2	1	1	1
1806	1	1	1	1	1	1	1	1	1
1807	2	1	1	1	1	2	1	1	1
1808	2	1	1	1	1	2	1	1	2
1809	2	1	1	1	1	2	2	1	2
1810	2	1	1	1	1	2	1	1	1
1811	2	1	1	1	1	2	1	1	2
1812	2	1	2	2	1	2	1	1	2
1813	2	1	2	2	1	2	1	1	2
1814	2	1	2	1	1	2	2	1	2
1815	2	2	2	1	1	2	1	1	2
1816	2	1	1	1	1	1	1	1	1
1817	1	1	1	1	1	1	1	1	1
1818	1	1	1	1	1	1	1	1	1
1819	2	2	1	2	1	1	1	1	1
1820	2	2	2	1	1	2	1	1	1
1821	2	2	2	1	1	2	1	1	2
1822	2	2	1	1	1	2	1	1	2
1823	2	2	2	1	1	2	2	1	2
1824	2	2	2	2	1	2	1	1	2
1825	2	2	2	2	1	2	1	1	2
1826	2	2	2	2	2	2	2	1	2
1827	2	1	2	1	2	2	1	1	1
1828	2	1	2	1	2	2	1	1	2
1829	1	1	1	1	1	2	1	1	1
1830	1	1	2	1	1	2	1	1	1
1831	1	1	2	1	1	1	1	1	1
1832	2	2	2	2	1	2	1	1	1
1833	2	2	2	1	1	2	1	1	1
1834	2	1	2	2	1	2	1	1	1
1835	2	2	1	1	1	2	1	1	1
1836	2	2	1	1	1	2	2	1	1
1837	2	1	2	2	1	2	2	1	1
1838	2	2	1	1	1	2	1	1	2
1839	2	2	1	2	1	2	1	1	1
1840	2	2	1	1	2	2	1	1	1
1841	1	1	2	1	2	2	1	1	2
1842	1	2	1	1	1	2	1	1	1
1843	1	1	2	1	1	2	1	1	1
1844	1	2	2	1	1	2	1	1	1
1845	1	1	2	1	1	2	1	1	1
1846	1	1	2	1	1	2	2	1	2
1847	1	1	2	1	2	2	1	1	1
1848	1	1	2	1	1	2	1	1	2
1849	1	1	2	1	1	2	1	1	2
1850	1	1	2	1	2	2	1	1	1
1851	1	1	1	1	1	2	1	1	1
1852	1	1	1	1	1	1	1	1	1
1853	1	2	1	1	1	2	1	1	1
1854	1	1	1	1	1	2	1	1	1
1855	1	1	2	1	2	2	2	1	1
1856	1	1	2	1	2	2	1	1	1
1857	1	1	2	1	1	2	1	1	1
1858	1	1	2	1	1	2	1	1	2
1859	1	2	2	1	2	2	2	1	2
1860	1	2	1	1	1	2	1	1	2
1861	1	1	2	1	2	2	1	1	1
1862	1	1	2	1	1	2	2	1	1
1863	1	1	1	1	1	1	1	1	1
1864	1	2	2	1	1	2	1	1	1
1865	1	2	2	1	1	2	1	1	2
1866	1	1	2	1	1	2	1	1	2
1867	1	1	2	1	1	2	1	1	1
1868	1	1	2	1	1	2	1	1	1
1869	1	1	2	1	1	2	1	1	1
1870	1	1	2	1	1	2	1	1	2
1871	1	1	2	1	2	2	2	1	2
1872	1	1	2	1	1	2	1	1	1
1873	1	1	2	1	1	2	1	1	2
1874	1	2	2	1	1	2	1	1	1
1875	1	1	1	1	1	1	1	1	1
1876	1	2	1	1	1	1	1	1	1
1877	2	2	2	2	1	2	1	1	1
1878	2	2	1	1	1	2	1	1	2
1879	2	2	2	2	2	2	2	1	2
1880	2	1	2	2	2	2	2	1	2
1881	2	2	2	1	2	2	2	1	2
1882	1	1	1	1	1	1	1	1	1
1883	1	1	1	1	1	2	1	1	2
1884	2	2	2	2	1	2	1	1	1
1885	2	2	2	1	1	2	1	1	1
1886	2	2	2	1	1	2	1	1	1
1887	2	2	2	1	1	2	1	2	1
1888	2	2	1	1	1	2	1	1	1
1889	2	2	2	1	1	2	1	2	2
1890	2	2	1	2	1	2	1	1	1
1891	2	2	2	1	1	2	1	1	2
1892	1	1	2	1	2	2	1	2	1
1893	1	2	1	1	1	2	1	2	1
1894	2	2	1	2	1	2	1	1	1
1895	2	2	2	1	1	2	1	1	1
1896	2	2	2	1	1	2	1	2	2
1897	2	2	2	1	1	1	1	1	1
1898	2	2	2	1	1	2	1	1	1
1899	1	2	1	1	1	1	1	1	1
1900	1	1	1	1	1	1	1	1	1
1901	2	2	1	1	1	1	1	1	1
1902	2	2	2	1	1	2	1	1	1
1903	2	2	2	1	1	2	1	1	1
1904	2	2	1	1	1	2	1	1	1
1905	2	2	1	1	1	2	1	1	1
1906	2	2	1	2	1	2	1	1	2
1907	2	2	2	2	1	2	2	1	1
1908	2	2	2	1	1	2	1	1	2
1909	2	2	2	2	1	2	1	1	2
1910	2	2	2	2	1	2	2	1	2
1911	2	1	2	1	2	2	1	1	1
1912	2	1	2	1	1	2	1	1	2
1913	1	2	2	1	1	2	1	1	1
1914	1	1	1	1	1	1	1	1	1
1915	2	2	2	2	1	2	1	1	2
1916	2	2	1	1	1	2	1	1	2
1917	2	2	1	1	1	1	1	1	1
1918	2	2	1	1	1	2	1	1	1
1919	2	2	2	1	1	2	1	1	2
1920	2	2	2	1	1	2	1	1	2
1921	2	1	2	1	1	2	1	1	1
1922	2	1	2	2	1	2	1	1	2
1923	2	2	1	1	1	1	1	1	1
1924	2	2	2	1	1	2	1	1	2
1925	2	1	2	1	1	2	1	1	1
1926	2	1	2	1	1	2	1	1	2
1927	2	2	2	1	1	2	1	1	2
1928	2	1	2	1	1	2	1	1	2
1929	2	1	2	1	1	2	1	1	2
1930	1	1	1	1	1	2	1	1	1
1931	1	2	1	1	1	1	1	1	1
1932	1	2	2	1	1	2	2	1	2
1933	1	1	1	1	1	1	1	1	1
1934	1	1	2	1	1	2	1	1	1
1935	1	2	2	1	1	2	1	1	2
1936	1	2	2	1	1	2	1	1	2
1937	1	1	1	1	1	1	1	1	1
1938	1	1	1	1	1	1	1	1	1
1939	1	1	1	1	1	1	1	1	1
1940	1	1	2	1	1	2	1	2	2
1941	1	2	1	1	1	2	1	2	2
1942	1	2	2	1	1	1	1	1	1
1943	1	2	2	1	1	1	1	1	1
1944	1	1	2	1	1	2	1	1	2
1945	1	1	2	1	1	2	2	1	2
1946	1	1	2	1	1	2	1	2	2
1947	1	1	2	1	1	2	1	1	2
1948	1	1	1	1	1	2	1	1	1
1949	2	2	2	1	1	2	1	1	1
1950	2	2	1	1	1	1	1	1	1
1951	2	2	1	1	1	2	1	1	1
1952	2	2	1	1	1	2	2	1	2
1953	2	2	1	1	1	2	1	1	1
1954	2	2	2	2	1	2	2	1	1
1955	2	2	1	2	1	2	1	1	1
1956	2	2	2	1	2	2	1	1	2
1957	2	1	2	1	1	2	1	2	2
1958	2	1	2	1	1	2	1	1	1
1959	2	2	2	1	1	2	2	1	1
1960	2	2	2	1	1	2	1	1	2
1961	1	1	2	1	1	2	1	1	1
1962	1	2	2	1	1	2	1	1	2
1963	1	1	2	1	1	2	1	1	2
1964	1	1	2	1	1	2	1	1	2
1965	1	1	2	1	1	1	1	1	1
1966	1	2	1	1	1	2	1	1	1
1967	1	1	2	1	1	2	1	1	2
1968	1	2	2	1	1	2	1	1	2
1969	1	2	2	1	1	2	2	1	2
1970	1	2	2	1	2	2	1	1	2
1971	1	2	2	1	1	2	2	1	2
1972	1	2	2	1	2	2	1	1	2
1973	1	1	2	1	2	2	1	1	2
1974	1	1	2	1	1	2	1	1	2
1975	1	2	2	1	1	2	1	1	2
1976	1	1	1	1	1	1	1	1	1
1977	1	1	2	1	1	2	2	1	1
1978	1	2	2	1	1	2	1	1	2
1979	1	1	2	1	2	2	1	1	2
1980	1	1	1	1	1	2	1	1	1
1981	1	1	2	1	2	2	1	1	2
1982	1	1	2	1	1	2	2	1	2
1983	1	1	2	1	1	2	1	1	2
1984	1	2	2	1	1	2	1	1	2
1985	1	2	2	1	1	2	2	1	2
1986	1	1	2	1	2	2	2	1	2
1987	1	1	2	1	1	2	1	1	2
1988	1	2	2	1	1	2	1	1	2
1989	1	1	2	1	1	2	1	1	2
1990	1	1	2	1	1	2	1	1	2
1991	1	1	2	1	1	2	1	1	2
1992	1	1	2	1	1	2	1	1	2
1993	1	2	2	1	1	2	2	1	2
1994	1	2	2	1	1	2	2	1	2
1995	1	1	2	1	1	2	2	1	2
1996	1	1	2	1	1	2	2	1	2
1997	1	1	2	1	1	2	1	1	2
1998	1	1	2	1	1	2	1	1	2
1999	1	1	2	1	1	2	2	1	2
2000	1	1	2	1	1	2	1	1	1
2001	1	1	2	1	1	2	1	1	2
2002	1	1	2	1	1	2	1	1	2
2003	1	1	1	1	1	1	1	1	1
2004	2	1	1	2	1	1	1	1	1
2005	2	2	2	2	1	2	1	1	1
2006	2	2	1	1	1	2	1	1	1
2007	2	2	2	2	2	2	1	1	1
2008	2	2	1	2	1	2	2	1	1
2009	2	2	2	1	1	2	2	1	1
2010	2	2	2	1	2	2	1	1	2
2011	2	1	2	1	2	2	2	1	1
2012	2	1	2	1	2	2	2	2	2
2013	2	1	2	1	1	2	1	1	1
2014	1	1	1	1	1	1	1	1	1
2015	1	1	1	1	1	1	1	1	1
2016	1	1	1	1	1	1	1	1	1
2017	2	2	1	1	1	1	1	1	1
2018	2	2	1	1	1	1	1	1	1
2019	2	2	2	2	1	2	1	1	2
2020	2	1	2	2	1	2	1	2	1
2021	2	2	2	2	1	2	1	2	1
2022	2	2	2	1	1	2	1	1	2
2023	2	2	2	1	2	2	1	1	2
2024	2	1	2	2	1	2	1	1	2
2025	2	2	2	1	1	2	1	1	1
2026	1	1	1	1	1	2	1	1	1
2027	2	2	1	1	1	2	1	1	2
2028	2	2	1	1	1	1	1	1	1
2029	2	2	2	1	1	2	1	1	2
2030	2	2	1	1	1	2	1	1	2
2031	2	2	1	1	1	2	1	1	2
2032	2	2	2	2	2	2	1	1	2
2033	2	2	2	1	2	2	1	1	2
2034	2	2	2	1	2	2	1	1	2
2035	2	2	2	2	2	2	1	1	2
2036	2	2	1	1	1	2	2	1	2
2037	2	2	2	2	2	2	1	1	2
2038	1	2	2	1	1	2	1	1	2
2039	1	2	2	1	2	2	1	1	2
2040	1	2	2	1	1	2	2	1	1
2041	1	2	1	1	1	2	1	1	2
2042	1	1	1	1	1	1	1	1	1
2043	1	1	1	1	1	1	1	1	1
2044	2	1	2	2	1	2	1	1	2
2045	2	2	2	2	1	2	1	1	1
2046	2	2	2	1	1	2	1	1	2
2047	2	2	2	2	1	2	2	1	2
2048	2	2	2	1	1	2	1	1	1
2049	2	2	2	1	1	2	1	1	2
2050	2	2	2	2	1	2	1	1	2
2051	2	2	2	1	1	2	1	1	1
2052	2	2	2	2	2	2	2	2	2
2053	2	1	2	1	1	2	1	1	1
2054	2	2	2	2	2	2	1	1	2
2055	2	2	1	2	1	2	1	1	2
2056	2	2	2	1	2	2	1	1	2
2057	2	2	2	2	1	2	1	1	1
2058	2	2	2	2	2	2	1	2	2
2059	2	2	2	1	1	2	1	1	2
2060	2	2	2	2	1	2	1	2	2
2061	2	2	1	1	2	2	2	2	2
2062	2	2	1	1	2	2	1	2	2
2063	2	2	2	1	2	2	1	1	2
2064	1	2	2	1	1	2	1	1	2
2065	1	2	2	1	1	2	1	1	2
2066	1	2	1	1	1	2	1	1	1
2067	1	1	2	1	1	2	1	1	2
2068	1	2	2	1	2	2	1	1	1
2069	1	2	2	1	2	2	1	1	2
2070	1	2	1	1	2	2	1	1	1
2071	1	1	1	1	1	1	1	1	1
2072	1	1	2	1	1	2	1	1	1
2073	1	2	2	1	1	2	2	1	2
2074	1	1	1	1	1	2	1	1	1
2075	1	2	1	1	1	2	1	1	1
2076	1	1	2	1	2	2	2	1	2
2077	1	1	1	1	1	2	1	1	1
2078	2	2	2	1	2	2	1	1	2
2079	2	2	2	2	2	2	2	1	2
2080	2	1	1	1	2	2	1	1	2
2081	1	2	1	1	2	2	1	1	1
2082	2	2	2	1	2	2	2	1	2
2083	2	1	2	1	2	2	1	1	2
2084	2	1	2	1	2	2	2	1	2
2085	2	1	2	2	2	2	2	1	1
2086	2	1	2	1	2	2	2	1	1
2087	2	2	2	1	2	2	2	1	2
2088	2	1	2	1	2	2	2	1	2
2089	2	1	2	1	1	1	1	1	1
2090	1	1	1	1	1	1	1	1	1
2091	2	2	1	1	1	1	1	1	1
2092	2	2	1	1	1	1	1	1	1
2093	2	2	1	1	1	1	1	1	1
2094	2	2	1	1	1	1	1	1	1
2095	2	2	2	1	1	1	1	1	1
2096	2	2	1	1	1	2	1	1	1
2097	2	2	2	1	1	2	1	1	1
2098	2	2	2	1	1	2	1	1	1
2099	2	2	1	1	1	2	1	1	1
2100	1	2	2	1	1	2	1	1	2
2101	1	2	1	1	1	2	1	1	1
2102	1	2	2	1	1	2	1	1	2
2103	1	1	2	1	1	2	1	1	1
2104	1	1	2	1	1	2	1	1	2
2105	1	1	1	1	1	1	1	1	1
2106	1	2	2	1	1	2	1	1	1
2107	1	1	2	1	1	2	1	1	1
2108	1	1	1	1	1	1	1	1	1
2109	1	1	1	1	1	1	1	1	1
2110	1	1	2	1	1	2	1	1	1
2111	1	2	2	1	1	2	1	1	1
2112	1	2	2	1	1	2	1	1	1
2113	1	2	1	1	1	1	1	1	1
2114	1	2	2	1	1	2	1	1	1
2115	1	1	2	1	1	2	2	1	1
2116	1	1	2	1	1	2	2	1	1
2117	2	2	1	1	1	1	1	1	1
2118	2	2	1	1	1	1	1	1	1
2119	2	2	1	1	1	2	1	1	1
2120	2	1	2	1	1	2	1	1	1
2121	2	2	2	1	2	2	1	1	2
2122	2	2	2	1	2	2	1	1	1
2123	2	2	2	1	2	2	1	1	1
2124	2	2	2	2	1	2	2	1	1
2125	2	2	2	2	2	2	2	1	2
2126	2	1	2	2	2	2	1	1	2
2127	2	2	2	2	2	2	1	1	1
2128	2	2	1	1	2	2	1	1	1
2129	1	2	2	1	2	2	2	1	2
2130	2	2	2	1	2	2	1	1	2
2131	1	1	1	1	1	2	1	1	1
2132	1	1	2	1	1	2	1	1	2
2133	1	2	1	1	1	2	2	1	2
2134	1	1	1	1	1	1	1	1	1
2135	1	1	2	1	2	2	1	1	2
2136	1	2	2	1	1	2	1	1	2
2137	1	2	1	1	1	2	1	1	2
2138	1	1	2	1	2	2	1	1	2
2139	1	1	2	1	1	2	1	1	2
2140	1	1	2	1	1	2	1	1	2
2141	1	1	2	1	1	2	1	1	1
2142	1	1	1	1	1	2	1	1	1
2143	1	2	2	1	1	2	2	1	1
2144	1	1	2	1	1	2	2	1	2
2145	1	1	1	1	1	2	2	1	1
2146	1	1	1	1	1	1	1	1	1
2147	1	1	1	1	1	1	1	1	1
2148	1	1	1	1	1	1	1	1	1
2149	1	2	1	1	1	1	1	1	1
2150	1	1	1	1	1	1	1	1	1
2151	1	1	2	1	1	2	1	1	1
2152	1	1	2	1	1	2	1	1	2
2153	1	1	2	1	1	2	1	1	1
2154	1	1	1	1	1	1	1	1	1
2155	1	1	1	1	1	2	1	1	1
2156	1	2	2	1	1	2	1	1	2
2157	1	2	2	1	1	2	1	1	2
2158	1	2	2	1	1	2	1	1	2
2159	1	2	2	1	1	2	1	1	2
2160	1	2	2	1	1	2	1	1	2
2161	1	2	2	1	1	2	1	1	2
2162	1	1	2	1	1	2	1	1	2
2163	1	2	2	1	1	2	1	1	2
2164	1	1	2	1	1	2	1	1	2
2165	1	1	2	1	1	2	1	1	2
2166	1	1	1	1	1	1	1	1	1
2167	1	1	1	1	1	1	1	1	1
2168	1	2	1	1	1	1	1	1	1
2169	1	2	2	1	1	1	1	1	1
2170	1	2	2	1	1	2	1	1	1
2171	1	1	2	1	1	2	1	1	2
2172	1	2	1	1	1	2	1	1	1
2173	1	1	2	1	1	2	2	1	1
2174	1	1	2	1	2	2	2	1	1
2175	1	2	2	1	1	1	1	1	1
2176	1	1	2	1	1	1	1	1	1
2177	1	1	2	1	2	2	1	1	1
2178	1	1	2	1	2	2	1	1	2
2179	1	2	2	1	1	2	1	1	2
2180	1	2	2	1	1	2	2	1	2
2181	2	2	1	1	1	1	1	1	1
2182	2	2	1	1	1	2	1	1	1
2183	2	2	2	1	1	2	1	1	1
2184	2	2	2	1	1	2	1	1	1
2185	2	2	2	1	1	2	1	1	1
2186	2	2	2	1	1	2	1	1	2
2187	2	1	2	1	1	2	2	1	2
2188	2	2	1	2	1	2	1	1	1
2189	2	2	2	1	1	2	2	1	2
2190	2	2	2	1	1	2	2	1	1
2191	2	1	1	1	1	1	1	1	1
2192	1	1	2	1	1	2	1	1	2
2193	1	1	2	1	1	2	2	1	1
2194	1	1	1	1	1	1	1	1	1
2195	1	1	1	1	1	1	1	1	1
2196	1	2	1	1	1	2	1	1	1
2197	1	2	2	1	1	2	1	1	2
2198	1	2	2	1	1	2	2	1	2
2199	1	2	1	1	1	1	1	1	1
2200	1	1	1	1	1	1	1	1	1
2201	1	1	1	1	1	2	1	1	1
2202	1	1	1	1	1	2	1	1	1
2203	1	2	1	1	1	2	1	1	1
2204	1	2	1	1	1	1	1	1	1
2205	1	2	1	1	1	1	1	1	1
2206	1	2	1	1	1	1	1	1	1
2207	1	2	1	1	1	1	1	1	1
2208	1	2	1	1	1	1	1	1	1
2209	1	2	1	1	1	1	1	1	1
2210	1	2	1	1	1	1	1	1	1
2211	1	2	1	1	1	1	1	1	1
2212	1	1	1	1	1	1	1	1	1
2213	1	1	1	1	1	1	1	1	1
2214	2	1	2	2	2	2	1	1	1
2215	2	2	2	2	2	2	2	1	1
2216	2	1	2	1	2	2	2	1	2
2217	2	1	2	1	2	2	2	1	2
2218	2	2	2	2	2	2	1	1	1
2219	2	2	2	2	2	2	2	1	2
2220	2	1	2	1	1	2	1	1	2
2221	2	1	2	1	2	2	2	1	2
2222	2	2	2	1	2	2	1	1	2
2223	2	1	2	1	1	2	1	1	1
2224	1	1	1	1	1	1	1	1	1
2225	1	1	2	1	1	2	1	1	1
2226	1	1	2	1	1	2	1	1	1
2227	1	2	2	1	1	2	1	1	1
2228	1	1	2	1	1	2	1	1	1
2229	1	1	2	1	1	2	1	1	1
2230	1	1	2	1	1	2	2	1	2
2231	1	2	2	1	1	2	1	1	1
2232	1	2	1	1	1	1	1	1	1
2233	1	1	2	1	1	2	1	1	1
2234	1	2	2	1	1	2	1	1	1
2235	2	2	2	2	1	2	2	1	2
2236	2	1	2	1	1	2	2	1	1
2237	1	1	2	1	1	2	1	1	1
2238	2	2	2	2	1	2	1	1	2
2239	2	2	2	2	1	2	1	1	1
2240	1	1	2	1	1	2	1	1	2
2241	1	2	2	1	1	2	1	1	1
2242	2	1	2	2	1	2	1	1	2
2243	1	2	2	1	1	2	2	1	2
2244	1	2	2	1	1	2	2	1	2
2245	1	1	2	1	1	2	2	1	2
2246	1	1	1	1	1	1	1	1	1
2247	2	2	2	1	1	1	1	1	1
2248	2	2	2	1	1	1	1	1	1
2249	2	2	2	1	1	2	1	1	2
2250	2	2	2	1	1	1	1	1	1
2251	2	2	2	1	1	1	1	1	1
2252	2	2	1	1	1	1	1	1	1
2253	2	2	1	1	1	1	1	1	1
2254	2	2	1	1	1	1	1	1	1
2255	2	2	1	1	1	2	1	1	2
2256	2	1	1	1	1	1	1	1	1
2257	2	2	2	2	1	2	1	1	2
2258	2	2	2	1	1	2	1	1	1
2259	2	2	2	2	2	2	2	1	2
2260	1	1	1	1	1	1	1	1	1
2261	1	2	1	1	1	2	1	1	1
2262	1	2	1	1	1	1	1	1	1
2263	1	2	1	1	1	1	1	1	1
2264	1	2	1	1	1	2	1	1	1
2265	1	2	1	1	1	1	1	1	1
2266	1	1	1	1	1	2	1	1	1
2267	1	1	1	1	1	2	1	1	2
2268	1	2	2	1	1	2	1	1	2
2269	1	1	1	1	1	2	1	1	2
2270	1	2	2	1	1	2	1	1	2
2271	1	1	2	1	1	2	1	1	2
2272	1	1	2	1	1	2	1	1	2
2273	1	2	2	1	1	2	1	1	2
2274	1	1	2	1	1	2	1	1	2
2275	1	2	2	1	1	2	1	1	2
2276	1	1	2	1	1	2	1	1	1
2277	1	1	2	1	1	2	1	1	2
2278	1	1	1	1	1	2	1	1	1
2279	1	1	2	1	1	2	1	1	2
2280	1	1	2	1	1	2	1	1	1
2281	1	2	1	1	1	2	1	1	1
2282	1	2	1	1	1	2	1	1	1
2283	1	2	2	1	1	2	1	1	1
2284	1	1	2	1	1	2	1	1	1
2285	1	1	2	1	1	2	1	1	1
2286	1	1	1	1	1	2	1	1	1
2287	1	1	1	1	1	1	1	1	1
2288	1	1	1	1	1	1	1	1	1
2289	1	2	1	1	1	1	1	1	1
2290	1	2	1	1	1	2	1	1	1
2291	1	1	1	1	1	2	1	1	1
2292	1	1	1	1	1	2	1	1	1
2293	1	2	2	1	1	2	1	1	2
2294	1	2	1	1	1	2	1	1	1
2295	1	2	1	1	1	2	1	1	1
2296	1	1	2	1	1	2	1	1	2
2297	1	1	1	1	1	1	1	1	1
2298	1	1	1	1	1	2	1	1	1
2299	1	1	1	1	1	1	1	1	1
2300	1	1	1	1	1	1	1	1	1
2301	1	1	1	1	1	1	1	1	1
2302	1	1	2	1	1	2	1	1	1
2303	1	1	2	1	1	2	1	1	2
2304	1	1	2	1	1	2	1	1	2
2305	1	1	1	1	1	2	1	1	1
2306	1	1	2	1	1	2	1	1	1
2307	1	1	2	1	1	2	1	1	1
2308	1	1	2	1	1	2	2	1	2
2309	1	1	1	1	1	2	1	1	1
2310	1	1	2	1	1	2	1	1	2
2311	1	1	2	1	1	2	1	1	1
2312	2	2	1	1	1	2	1	1	1
2313	2	2	1	1	1	2	1	1	1
2314	2	1	1	1	1	2	1	1	1
2315	2	2	1	1	1	2	1	1	1
2316	1	1	2	1	1	2	1	1	2
2317	2	2	2	2	1	2	1	1	1
2318	2	2	1	1	2	2	1	1	1
2319	1	1	1	1	1	1	1	1	1
2320	2	2	2	1	2	2	1	1	1
2321	2	1	2	1	2	2	1	1	2
2322	2	2	1	1	1	2	1	1	2
2323	2	2	2	1	1	2	1	1	2
2324	1	2	1	1	1	2	1	1	1
2325	1	2	1	1	1	2	1	1	2
2326	1	2	1	1	1	2	1	1	1
2327	1	2	1	1	1	2	1	1	1
2328	1	2	1	1	1	2	1	1	1
2329	1	2	1	1	1	2	1	1	1
2330	1	1	1	1	1	1	1	1	1
2331	1	1	1	1	1	1	1	1	1
2332	1	1	1	1	1	1	1	1	1
2333	1	1	1	1	1	1	1	1	1
2334	1	1	1	2	1	1	1	1	1
2335	2	2	1	2	1	1	1	1	1
2336	2	2	1	2	2	2	1	1	1
2337	2	2	1	1	1	2	1	1	1
2338	1	2	1	1	2	2	2	1	2
2339	1	2	1	1	2	1	2	1	1
2340	2	2	1	2	2	1	1	1	1
2341	1	2	1	2	1	2	2	1	1
2342	1	2	2	1	2	2	2	1	1
2343	1	2	1	1	2	2	2	1	1
2344	1	1	2	1	1	2	1	1	2
2345	1	1	1	1	1	1	1	1	1
2346	1	1	1	1	1	1	1	1	1
2347	2	1	1	2	1	1	1	1	1
2348	2	2	2	1	2	2	2	1	2
2349	2	2	2	2	2	2	2	2	2
2350	2	2	1	2	2	2	2	2	2
2351	1	2	2	1	1	1	1	1	1
2352	2	2	2	2	1	2	2	1	2
2353	1	2	2	1	2	2	2	2	2
2354	2	1	2	2	2	2	1	1	1
2355	2	2	2	1	2	2	2	2	2
2356	1	2	2	2	1	1	2	1	1
2357	2	2	2	1	2	2	2	2	2
2358	2	2	2	2	1	2	2	1	1
2359	1	2	2	2	2	2	2	1	2
2360	2	2	2	1	2	2	2	2	2
2361	1	1	1	1	1	2	1	1	2
2362	1	1	1	1	1	1	1	1	1
2363	1	1	1	1	1	1	1	1	1
2364	2	2	1	2	1	2	1	1	1
2365	1	2	1	1	1	2	1	1	2
2366	1	2	1	1	1	2	1	1	2
2367	2	2	1	2	1	2	2	1	2
2368	1	2	1	1	1	2	2	1	1
2369	2	2	1	2	1	2	2	1	2
2370	2	2	1	2	1	2	2	1	2
2371	2	2	1	1	1	2	2	1	2
2372	1	2	2	1	2	2	2	1	2
2373	1	2	1	2	2	2	2	1	2
2374	2	2	1	2	2	1	2	2	1
2375	2	2	1	2	1	2	2	1	1
2376	2	2	1	2	2	2	1	1	1
2377	1	2	2	1	1	2	1	1	2
2378	2	2	2	1	1	2	2	1	2
2379	2	2	1	2	2	2	2	1	2
2380	2	2	2	2	2	2	2	1	2
2381	2	2	1	2	2	2	2	1	2
2382	2	2	1	2	2	2	2	1	2
2383	1	2	2	1	2	2	2	1	2
2384	1	2	2	2	2	2	1	1	2
2385	1	2	2	1	2	2	2	1	2
2386	2	2	2	2	2	2	2	1	2
2387	2	1	2	2	2	2	2	2	2
2388	1	2	2	1	1	2	1	1	2
2389	1	2	1	2	1	2	1	1	1
2390	1	2	2	2	2	1	2	1	2
2391	1	2	1	1	1	2	1	2	1
2392	1	2	2	2	2	2	1	2	2
2393	1	2	1	2	2	2	2	1	1
2394	1	2	1	2	2	2	1	2	2
2395	1	1	1	1	2	2	2	1	1
2396	1	2	1	2	2	2	2	1	2
2397	1	2	1	1	2	2	2	1	2
2398	1	1	2	1	2	2	1	2	1
2399	1	1	1	1	2	2	1	1	1
2400	1	2	1	1	2	2	1	1	2
2401	2	2	2	2	1	2	2	1	2
2402	2	2	2	2	2	2	2	2	2
2403	1	2	2	1	2	2	2	1	2
2404	1	2	2	1	2	2	2	2	2
2405	1	2	2	1	2	2	2	1	1
2406	1	1	2	1	2	2	2	1	2
2407	1	2	2	1	1	2	2	1	2
2408	1	2	1	1	1	1	1	1	1
2409	2	2	2	1	1	1	2	1	1
2410	1	2	1	1	1	2	1	1	2
2411	1	2	2	2	2	2	2	1	1
2412	2	2	2	2	2	2	2	1	1
2413	2	2	2	2	2	2	2	1	2
2414	1	1	2	1	2	2	2	2	2
2415	1	1	2	1	2	2	2	2	2
2416	1	2	2	1	1	2	2	1	2
2417	1	1	2	1	1	2	1	1	2
2418	1	1	2	1	2	2	2	1	2
2419	1	1	2	1	2	2	2	1	1
2420	2	2	2	2	1	2	2	2	2
2421	1	1	2	1	1	2	2	2	2
2422	2	2	2	2	1	2	2	2	1
2423	1	2	2	1	2	2	2	1	2
2424	1	2	2	1	1	2	2	2	2
2425	1	2	2	1	2	2	2	2	2
2426	2	2	2	1	1	2	2	2	2
2427	1	2	2	1	1	2	2	1	2
2428	1	1	2	1	2	2	2	2	1
2429	2	2	2	2	2	2	2	1	2
2430	2	1	2	1	1	2	2	2	2
2431	1	2	2	1	1	2	2	2	2
2432	1	1	1	1	1	1	1	1	1
2433	1	2	2	2	1	2	1	1	2
2434	1	2	1	1	2	2	2	1	1
2435	1	2	1	1	2	2	2	1	1
2436	1	2	2	2	2	2	1	1	1
2437	1	2	1	2	2	2	2	1	1
2438	1	2	1	2	2	2	2	2	1
2439	1	2	1	1	2	2	2	1	1
2440	1	2	2	1	2	2	2	2	1
2441	1	1	1	2	2	2	2	1	1
2442	1	2	2	1	2	2	2	1	1
2443	1	2	2	1	2	2	2	1	1
2444	1	2	2	2	2	2	2	1	2
2445	1	2	2	1	2	1	2	1	1
2446	1	1	2	1	2	2	2	2	1
2447	1	1	2	1	1	2	1	1	1
2448	1	2	2	1	2	2	2	1	2
2449	1	2	2	1	2	2	2	1	2
2450	1	1	1	1	1	2	1	1	1
2451	1	1	1	1	1	1	1	1	1
2452	1	2	2	1	1	2	2	1	2
2453	1	2	2	1	1	2	1	1	2
2454	1	2	2	1	2	2	2	1	2
2455	2	2	2	1	1	2	1	1	2
2456	2	2	2	2	2	2	2	1	2
2457	1	2	2	1	2	2	2	2	2
2458	1	2	2	1	1	2	2	1	2
2459	1	2	2	2	1	2	1	1	2
2460	1	2	2	2	2	2	2	2	2
2461	1	2	1	1	2	2	1	1	1
2462	1	2	2	1	1	2	1	1	2
2463	2	2	2	1	1	2	2	1	2
2464	2	2	2	2	2	2	2	1	2
2465	2	2	2	1	2	2	2	1	2
2466	1	2	2	1	1	2	2	1	2
2467	2	2	2	2	2	2	2	1	2
2468	2	2	2	1	1	2	1	1	2
2469	1	2	2	1	2	2	2	1	2
2470	1	2	2	1	2	2	2	1	2
2471	1	2	2	1	2	2	2	1	2
2472	1	2	1	1	1	1	1	2	2
2473	1	1	1	1	1	1	1	1	1
2474	1	2	2	1	1	2	2	1	2
2475	1	2	1	1	1	2	1	1	2
2476	1	2	1	1	1	2	1	1	2
2477	1	2	2	2	1	2	2	1	2
2478	2	2	1	2	1	2	2	1	2
2479	2	2	2	2	1	2	1	1	2
2480	2	2	2	1	2	2	2	2	2
2481	2	1	2	1	1	2	2	2	2
2482	2	2	2	2	2	2	2	1	2
2483	1	2	2	1	1	2	2	1	2
2484	1	1	2	1	1	2	1	1	2
2485	1	1	1	1	1	1	1	1	1
2486	1	1	1	1	1	1	1	1	1
2487	1	1	1	1	1	1	1	1	1
2488	1	1	1	1	1	1	1	1	1
2489	1	1	1	1	1	1	1	1	1
2490	2	1	1	1	1	1	1	1	1
2491	2	1	1	1	1	1	1	1	1
2492	1	1	1	1	1	1	1	1	1
2493	1	1	1	1	1	1	1	1	1
2494	1	1	1	1	1	1	1	1	1
2495	1	2	1	1	1	1	1	1	1
2496	1	2	1	1	1	2	1	2	2
2497	1	2	1	2	1	2	2	1	1
2498	1	1	1	1	1	1	1	1	1
2499	1	1	1	1	1	1	1	1	1
2500	1	1	1	1	1	1	1	1	1
2501	1	1	1	1	1	1	1	1	1
2502	1	1	1	1	1	1	1	1	1
2503	1	1	1	1	1	1	1	1	1
2504	1	2	2	1	1	2	1	1	2
2505	1	2	2	1	2	2	2	1	2
2506	1	2	2	1	1	2	2	2	2
2507	1	2	2	1	1	2	2	1	2
2508	1	2	1	1	1	2	2	1	2
2509	1	2	1	1	2	2	1	2	1
2510	1	1	1	1	1	1	1	1	1
2511	1	2	1	2	1	2	1	1	1
2512	2	1	2	2	2	2	2	1	2
2513	1	2	2	1	2	2	2	1	2
2514	1	2	2	2	2	2	2	1	2
2515	1	1	2	2	2	2	2	1	2
2516	1	2	1	1	1	1	1	1	1
2517	1	1	1	1	1	1	1	1	1
2518	1	1	1	1	1	1	1	1	1
2519	1	2	2	1	1	2	1	1	2
2520	1	2	2	1	1	2	2	1	2
2521	1	2	2	1	1	2	2	1	2
2522	1	2	2	2	1	1	1	1	1
2523	1	1	2	2	2	2	1	1	2
2524	1	2	2	1	2	2	2	1	2
2525	1	1	2	2	1	2	2	1	2
2526	1	2	2	2	1	2	2	1	2
2527	1	2	2	1	1	2	2	1	2
2528	2	2	1	2	1	2	1	1	1
2529	1	2	2	1	1	2	1	1	2
2530	2	2	2	2	1	2	1	1	2
2531	2	2	2	2	1	2	2	2	2
2532	1	2	2	1	1	2	2	2	2
2533	1	2	2	1	1	2	2	2	2
2534	2	2	1	2	1	2	2	2	2
2535	2	2	2	1	1	2	2	2	2
2536	1	2	2	1	2	2	2	2	2
2537	2	2	1	2	2	2	2	2	1
2538	2	2	2	2	1	2	2	2	2
2539	1	2	2	1	1	2	2	2	2
2540	1	2	2	1	1	2	2	2	2
2541	2	2	2	2	1	2	1	1	2
2542	2	2	1	2	1	2	2	1	2
2543	1	2	2	1	1	2	2	1	2
2544	2	2	2	2	1	2	2	1	2
2545	2	2	2	2	1	2	2	1	2
2546	2	2	2	2	2	2	2	1	2
2547	2	2	1	2	1	2	2	2	2
2548	2	2	2	2	1	2	2	1	2
2549	2	2	2	2	2	2	2	1	2
2550	2	2	2	2	1	2	2	2	2
2551	2	2	2	2	1	2	2	1	2
2552	2	2	2	2	1	2	2	1	2
2553	1	1	2	1	1	2	2	1	2
2554	2	2	2	2	1	2	2	1	2
2555	2	2	2	1	2	2	2	2	2
2556	1	1	1	1	2	2	2	1	1
2557	1	1	2	1	2	2	2	1	1
2558	1	1	2	1	1	2	2	2	1
2559	1	1	1	1	1	1	1	1	1
2560	1	1	1	1	1	1	1	1	1
2561	1	1	1	1	1	1	1	1	1
2562	2	2	1	1	1	2	2	1	1
2563	2	1	2	1	1	2	1	1	1
2564	2	2	1	1	1	2	1	1	1
2565	2	2	2	2	1	2	2	1	1
2566	2	1	1	1	1	2	1	1	2
2567	1	2	1	1	1	2	1	1	2
2568	1	2	2	1	1	2	2	1	1
2569	1	2	2	2	1	2	2	1	1
2570	2	2	1	1	2	1	1	1	1
2571	2	2	1	2	2	2	1	1	1
2572	1	2	1	1	1	2	1	1	2
2573	1	1	1	1	1	2	2	1	1
2574	1	1	1	1	1	1	1	1	1
2575	1	1	1	1	1	1	1	1	1
2576	1	1	1	1	1	1	1	1	1
2577	1	1	1	1	1	1	1	1	1
2578	1	2	1	2	1	2	1	1	2
2579	1	2	1	2	1	2	1	1	1
2580	1	2	2	2	1	2	1	1	1
2581	1	2	2	1	1	2	1	1	2
2582	1	1	2	1	1	2	1	1	2
2583	1	2	2	2	1	2	2	1	1
2584	1	2	2	1	1	2	2	1	1
2585	1	2	2	1	1	2	2	1	1
2586	1	2	2	1	1	2	1	1	1
2587	1	1	1	1	1	1	1	1	1
2588	1	1	1	2	1	2	2	1	1
2589	2	2	2	2	1	2	1	1	1
2590	1	1	1	2	1	2	2	1	1
2591	1	2	2	1	1	2	2	1	1
2592	1	2	2	1	1	2	2	1	2
2593	2	2	2	2	2	2	2	2	2
2594	1	2	2	2	2	2	2	1	1
2595	1	2	2	2	1	2	2	1	2
2596	2	1	2	1	1	2	2	1	2
2597	1	2	1	1	2	2	1	1	2
2598	1	2	1	1	2	2	1	1	1
2599	1	1	2	2	2	2	2	1	2
2600	1	2	2	1	2	2	2	1	2
2601	1	1	2	2	2	2	2	1	2
2602	1	1	2	2	2	2	2	1	2
2603	1	1	1	2	2	2	2	1	1
2604	1	1	1	2	2	2	2	1	1
2605	1	1	1	1	2	2	2	1	1
2606	1	1	1	1	1	2	2	1	1
2607	1	1	1	1	1	2	1	1	1
2608	1	2	1	1	1	2	1	1	1
2609	1	2	1	1	1	2	1	1	1
2610	1	2	2	1	1	2	1	1	1
2611	1	2	1	1	1	2	1	1	1
2612	1	2	2	1	2	2	1	1	1
2613	2	2	1	2	2	2	2	1	1
2614	2	2	2	2	2	2	2	2	1
2615	1	2	2	2	2	2	2	2	2
2616	1	2	2	1	2	2	2	2	2
2617	1	2	2	1	2	2	2	2	1
2618	1	2	2	1	2	2	2	2	2
2619	1	1	1	1	1	2	1	1	1
2620	1	1	1	1	1	2	1	1	1
2621	1	1	1	1	1	2	1	1	1
2622	1	1	1	1	1	2	1	1	1
2623	1	2	2	1	1	2	1	1	1
2624	1	2	2	1	1	2	1	1	2
2625	1	2	2	1	1	2	1	1	2
2626	1	2	1	1	1	2	1	1	1
2627	1	1	1	1	1	1	1	1	1
2628	1	1	1	2	1	2	1	1	1
2629	1	2	2	1	1	2	2	1	2
2630	1	2	1	2	2	2	2	1	1
2631	1	1	1	1	2	2	1	1	1
2632	1	2	2	2	1	2	1	1	2
2633	1	2	2	2	2	2	2	2	2
2634	2	2	2	2	2	2	2	2	2
2635	1	2	2	2	2	2	2	2	2
2636	1	2	2	1	2	2	2	2	2
2637	1	2	2	2	1	2	2	1	2
2638	1	2	2	1	2	2	2	1	2
2639	1	2	2	1	1	2	1	1	1
2640	2	2	2	2	1	2	1	1	1
2641	2	2	2	2	2	2	2	1	1
2642	2	2	2	2	2	2	1	2	2
2643	2	1	2	2	1	2	2	1	2
2644	2	2	2	2	2	2	2	1	2
2645	2	2	2	1	2	2	2	1	2
2646	1	1	2	1	2	2	2	1	2
2647	1	2	2	1	2	2	2	2	2
2648	2	2	2	1	2	2	2	1	1
2649	2	2	2	1	2	2	2	1	1
2650	1	2	2	1	2	2	2	1	1
2651	1	1	1	1	1	1	2	1	1
2652	2	2	2	2	1	2	2	1	2
2653	1	2	2	1	1	2	2	1	2
2654	1	1	2	2	2	2	1	2	2
2655	1	2	2	2	1	2	2	1	2
2656	1	1	2	2	1	2	2	1	1
2657	1	1	2	1	1	2	2	1	2
2658	1	1	1	1	2	1	2	2	1
2659	1	1	1	1	1	1	1	1	1
2660	2	2	1	2	1	2	2	1	2
2661	1	2	2	2	2	2	2	2	2
2662	1	1	1	1	1	1	1	1	1
2663	1	1	1	2	1	2	2	1	1
2664	1	1	2	2	1	2	2	1	2
2665	2	2	2	1	1	2	2	1	2
2666	1	2	2	2	1	2	2	1	2
2667	2	2	1	2	1	2	2	1	2
2668	1	1	2	1	1	2	1	1	1
2669	1	2	2	1	1	2	2	1	2
2670	1	2	2	1	2	2	2	1	2
2671	1	1	1	1	1	1	1	1	1
2672	1	1	1	1	1	1	1	1	1
2673	1	1	1	1	1	1	1	1	1
2674	1	2	1	1	1	2	1	1	1
2675	1	2	1	1	2	2	1	1	2
2676	1	1	1	1	1	2	1	1	1
2677	1	2	1	1	2	2	1	1	1
2678	1	1	1	1	2	2	1	1	1
2679	1	2	2	1	2	1	1	1	2
2680	1	2	1	1	2	1	1	1	1
2681	2	2	1	2	1	2	1	1	2
2682	2	2	1	1	2	2	2	1	2
2683	2	2	1	1	1	2	1	1	2
2684	2	2	1	1	1	2	2	1	2
2685	2	2	1	1	1	2	1	1	2
2686	1	1	1	1	1	1	1	1	1
2687	1	2	1	1	1	1	1	1	1
2688	1	2	2	1	1	2	2	1	2
2689	2	2	2	2	1	2	2	1	2
2690	2	2	2	2	2	2	2	1	2
2691	1	2	1	1	2	2	1	2	2
2692	1	2	1	1	1	2	2	1	2
2693	1	2	1	1	1	2	2	2	2
2694	1	2	1	1	1	2	2	2	2
2695	1	2	1	1	1	2	2	1	2
2696	1	2	1	1	1	1	1	1	1
2697	1	2	1	1	1	2	1	1	2
2698	1	2	1	1	1	1	2	1	1
2699	1	1	1	1	1	1	1	1	1
2700	1	1	1	1	1	1	1	1	1
2701	1	2	1	1	1	1	1	1	1
2702	1	2	1	1	1	1	1	1	1
2703	1	1	1	1	1	2	1	1	2
2704	1	2	1	1	1	2	1	1	2
2705	1	1	1	1	1	1	1	1	1
2706	1	1	1	1	1	1	1	1	1
2707	2	2	1	2	1	2	2	1	2
2708	1	2	1	2	1	2	2	1	2
2709	1	2	1	2	2	2	1	1	2
2710	1	2	1	1	1	1	1	1	1
2711	1	1	1	1	1	1	1	1	1
2712	1	2	1	1	1	2	1	1	2
2713	1	2	1	1	1	2	2	1	2
2714	1	2	1	1	1	2	2	1	2
2715	1	1	1	1	1	2	1	1	2
2716	1	1	1	2	1	1	1	1	1
2717	1	1	1	2	1	2	2	1	2
2718	2	2	2	1	1	2	2	1	2
2719	2	2	1	2	1	2	2	1	2
2720	1	2	1	1	2	2	2	1	2
2721	1	1	1	1	2	1	1	1	1
2722	1	2	1	1	1	1	1	1	1
2723	1	2	1	1	1	2	1	1	1
2724	1	1	1	1	1	2	1	1	1
2725	1	2	2	2	1	1	1	1	1
2726	1	2	2	2	1	2	2	1	1
2727	1	2	2	1	1	2	1	2	2
2728	1	2	2	1	1	2	1	1	1
2729	1	1	2	1	1	2	1	1	2
2730	1	2	2	1	1	2	1	1	1
2731	1	1	1	1	1	1	1	1	1
2732	1	2	1	1	1	2	1	1	1
2733	1	2	2	1	1	2	1	1	1
2734	2	2	2	2	1	2	2	1	2
2735	2	2	2	2	1	2	2	1	2
2736	2	2	2	2	1	2	2	1	2
2737	1	2	2	1	1	2	2	1	2
2738	2	2	2	2	1	2	2	1	2
2739	1	2	2	1	1	2	2	1	2
2740	2	2	2	2	1	2	1	1	2
2741	1	2	2	1	1	2	2	1	2
2742	1	2	2	1	1	2	2	1	1
2743	1	1	1	1	1	1	1	1	1
2744	1	1	1	1	1	1	1	1	1
2745	1	2	2	1	1	2	1	1	1
2746	1	1	1	1	1	1	1	1	1
2747	2	2	2	2	1	2	1	1	2
2748	1	2	2	1	1	2	2	1	2
2749	1	2	1	1	1	2	2	1	1
2750	1	1	1	1	1	1	1	1	2
2751	1	2	2	1	2	2	1	1	2
2752	1	2	2	1	2	2	1	1	2
2753	1	1	1	1	1	1	1	1	1
2754	1	1	2	1	1	2	1	1	2
2755	1	2	1	1	1	2	1	1	2
2756	1	1	2	1	1	2	2	1	1
2757	1	1	2	1	1	2	1	1	2
2758	1	1	1	1	1	1	1	1	1
2759	1	2	1	1	1	1	1	1	1
2760	1	1	1	1	1	1	1	1	1
2761	2	2	1	1	1	2	2	1	1
2762	2	2	2	1	1	2	2	1	1
2763	2	2	2	1	1	2	2	1	1
2764	1	2	2	1	2	2	2	1	1
2765	2	1	2	1	1	2	2	1	2
2766	2	2	2	1	2	2	2	1	2
2767	2	2	2	1	2	2	2	1	1
2768	2	2	2	1	1	2	2	1	2
2769	1	2	2	1	2	2	2	1	2
2770	2	2	2	1	1	2	2	1	2
2771	2	2	2	2	1	2	1	1	2
2772	1	2	2	1	2	2	2	1	2
2773	1	2	2	1	1	2	2	1	2
2774	1	1	2	1	2	2	2	1	2
2775	2	2	2	2	2	2	1	1	2
2776	1	2	2	1	2	2	1	2	2
2777	2	1	2	1	2	2	2	1	1
2778	2	2	2	2	1	2	2	1	2
2779	1	2	2	1	2	2	2	1	2
2780	1	2	2	1	1	2	2	1	2
2781	1	1	2	1	1	2	2	1	2
2782	1	1	1	1	2	2	2	1	1
2783	1	1	1	1	1	2	1	1	1
2784	1	1	1	1	1	1	1	1	1
2785	1	2	1	1	1	1	2	1	1
2786	1	2	1	1	1	1	1	1	1
2787	1	2	1	1	1	1	2	1	1
2788	1	2	1	1	1	1	1	1	1
2789	1	2	1	1	1	1	1	1	1
2790	2	2	1	2	1	2	1	1	1
2791	2	2	1	1	1	2	1	1	2
2792	2	1	1	1	1	1	1	1	1
2793	2	1	1	1	1	2	1	1	1
2794	1	2	1	1	1	1	1	1	1
2795	1	2	1	1	1	2	1	1	1
2796	1	2	2	1	2	2	1	1	2
2797	1	2	1	2	2	2	2	1	1
2798	1	2	2	2	1	2	2	1	2
2799	1	2	2	1	1	2	2	1	2
2800	1	2	2	1	1	2	2	1	2
2801	1	2	2	1	1	2	2	1	2
2802	1	2	2	1	2	2	2	1	1
2803	1	1	1	1	1	1	1	1	1
2804	1	1	1	2	1	1	1	1	1
2805	1	1	1	1	1	1	1	1	1
2806	1	2	2	1	1	1	1	1	1
2807	1	2	2	1	1	1	1	1	1
2808	1	2	2	1	1	2	1	1	2
2809	1	1	2	1	1	2	1	1	2
2810	1	1	2	1	1	2	1	1	1
2811	1	1	2	1	1	2	1	2	2
2812	1	1	2	1	1	2	1	1	2
2813	1	2	2	1	1	2	2	1	2
2814	1	2	2	1	1	2	1	2	2
2815	1	1	2	1	1	2	1	1	2
2816	1	2	2	1	1	2	2	2	2
2817	1	1	2	1	1	2	2	2	2
2818	1	1	1	1	1	2	1	1	2
2819	1	1	2	2	2	2	1	1	2
2820	2	1	2	2	1	2	1	1	2
2821	1	1	2	1	1	2	1	1	2
2822	1	1	2	1	2	2	2	2	2
2823	1	2	2	2	2	2	2	1	2
2824	1	2	2	1	1	2	2	1	1
2825	1	2	2	1	1	2	1	2	1
2826	1	2	2	1	1	2	2	1	2
2827	1	1	2	1	1	2	1	1	2
2828	1	2	2	1	1	2	1	1	2
2829	1	1	2	1	1	2	2	1	2
2830	1	1	2	1	1	1	1	1	1
2831	1	1	2	1	1	2	1	1	2
2832	1	2	2	1	1	2	2	1	2
2833	2	2	2	1	2	1	1	1	2
2834	1	2	2	1	1	2	2	1	2
2835	1	2	2	1	2	2	2	1	2
2836	2	2	2	1	2	2	1	2	2
2837	1	2	2	1	1	1	1	1	1
2838	1	1	2	1	1	2	1	1	2
2839	1	1	1	1	1	1	1	1	1
2840	1	2	1	2	1	2	2	1	2
2841	1	2	2	1	1	2	2	1	2
2842	1	1	2	2	1	2	2	1	2
2843	1	1	2	2	2	2	2	1	2
2844	1	1	2	1	2	2	2	1	2
2845	1	1	2	1	1	2	2	1	2
2846	1	2	2	1	1	2	2	1	2
2847	1	1	1	1	1	1	1	1	1
2848	1	1	2	1	2	2	2	1	2
2849	1	2	2	1	1	2	2	1	1
2850	1	1	1	1	1	2	1	1	2
2851	1	1	2	1	1	2	2	1	2
2852	1	1	2	1	1	2	1	1	2
2853	1	1	2	1	1	2	1	1	2
2854	2	2	1	1	1	2	1	1	2
2855	2	2	2	2	1	2	2	1	2
2856	1	1	2	1	2	2	2	2	2
2857	1	1	2	1	1	2	2	1	2
2858	1	2	2	1	1	2	1	1	2
2859	1	2	2	1	1	1	1	1	1
2860	1	1	2	1	1	2	1	1	2
2861	1	1	2	1	1	2	2	1	2
2862	1	1	1	1	1	1	1	1	1
2863	1	2	2	1	1	2	1	1	2
2864	1	1	2	1	1	1	1	1	1
2865	1	1	2	1	1	1	1	1	1
2866	1	1	2	1	1	1	1	1	1
2867	1	1	1	1	1	1	1	1	1
2868	1	1	1	1	1	1	1	1	1
2869	1	1	1	1	1	1	1	1	1
2870	1	1	1	1	1	1	1	1	1
2871	1	2	1	1	1	1	1	1	2
2872	1	2	1	1	1	1	1	1	1
2873	1	1	1	1	1	1	1	1	1
2874	1	1	1	1	1	1	1	1	1
2875	1	1	1	1	1	1	1	1	1
2876	1	2	2	1	1	1	1	1	1
2877	1	1	1	1	1	1	1	1	1
2878	1	1	1	1	1	1	1	1	1
2879	1	1	1	1	1	1	1	1	1
2880	1	1	1	1	1	1	1	1	1
2881	1	1	1	1	1	1	1	1	1
2882	1	2	1	1	1	2	1	1	1
2883	1	2	1	1	1	1	1	1	1
2884	1	2	1	1	1	1	2	1	1
2885	1	2	1	1	1	1	2	1	1
2886	1	2	1	1	1	2	2	1	2
2887	1	1	1	1	1	1	1	1	1
2888	1	2	1	1	1	1	1	1	1
2889	1	2	1	1	1	1	2	1	1
2890	1	1	1	1	1	1	1	1	1
2891	1	2	1	1	1	1	1	1	1
2892	1	2	1	1	1	1	1	1	1
2893	1	2	1	1	1	1	1	1	1
2894	1	1	1	1	1	2	1	1	1
2895	1	1	1	1	1	1	1	1	1
2896	1	2	1	1	1	1	1	1	1
2897	1	2	1	1	1	1	1	1	1
2898	1	2	2	1	1	2	2	1	1
2899	1	1	2	1	1	2	2	1	1
2900	1	2	1	1	1	1	1	1	1
2901	1	2	1	1	1	1	1	1	1
2902	1	1	1	1	1	1	1	1	1
2903	1	1	1	1	1	1	1	1	1
2904	1	2	1	1	1	1	1	1	1
2905	1	1	1	1	1	1	1	1	1
2906	1	2	1	1	1	1	1	1	1
2907	1	1	1	1	1	1	1	1	1
2908	1	1	1	1	1	1	1	1	1
2909	1	2	1	1	1	1	1	1	1
2910	1	1	1	1	1	1	1	1	1
2911	1	1	1	1	1	2	2	1	1
2912	1	1	1	1	1	2	2	1	2
2913	1	1	1	1	1	1	1	1	1
2914	1	1	1	1	1	1	1	1	1
2915	1	1	1	1	1	1	1	1	1
2916	1	1	1	1	1	1	1	1	1
2917	1	1	1	1	1	1	1	1	1
2918	1	1	1	1	1	1	1	1	1
2919	1	1	1	1	1	1	1	1	1
2920	1	1	1	1	1	1	1	1	1
2921	1	1	1	1	1	1	1	1	1
2922	1	1	1	1	1	1	1	1	1
2923	1	1	1	1	1	1	1	1	1
2924	1	1	1	1	1	1	1	1	1
2925	1	1	1	1	1	1	1	1	1
2926	1	2	2	1	1	2	2	1	1
2927	1	2	1	1	1	2	1	1	1
2928	1	2	2	1	1	2	1	1	1
2929	1	2	1	1	1	1	2	1	1
2930	1	2	2	1	1	2	2	1	1
2931	1	2	2	1	2	2	2	1	1
2932	1	2	1	1	1	2	1	1	1
2933	1	2	1	1	1	2	2	1	1
2934	1	1	1	1	1	2	1	1	1
2935	1	2	2	1	1	2	2	1	1
2936	1	2	2	1	1	2	2	1	2
2937	1	2	2	1	1	2	2	1	1
2938	1	1	1	1	1	1	1	1	1
2939	1	2	1	1	1	2	2	1	1
2940	1	2	1	1	1	2	1	1	1
2941	1	1	1	1	1	1	1	1	1
2942	1	1	1	1	1	2	2	1	1
2943	1	2	2	1	1	2	2	1	1
2944	1	2	2	1	1	2	2	1	1
2945	1	2	2	1	1	2	2	1	2
2946	1	2	2	1	1	2	1	1	1
2947	1	2	2	1	1	2	2	1	1
2948	1	2	2	1	1	2	2	1	2
2949	1	2	1	1	2	2	1	1	1
2950	1	2	2	1	1	2	2	1	1
2951	1	1	1	1	1	1	1	1	1
2952	1	2	2	1	1	2	2	1	1
2953	1	1	2	1	1	2	2	1	2
2954	1	1	1	1	1	1	2	1	1
2955	1	1	1	1	1	2	2	1	1
2956	1	2	1	1	1	2	2	1	2
2957	1	2	1	1	1	2	2	1	2
2958	1	1	2	1	1	2	2	1	1
2959	1	2	1	1	1	1	2	1	1
2960	1	1	1	1	1	1	2	1	1
2961	1	2	1	1	1	1	2	1	1
2962	1	1	2	1	1	2	2	1	1
2963	1	1	1	1	1	1	2	1	1
2964	1	1	1	1	1	1	1	1	1
2965	1	2	2	1	1	2	2	1	2
2966	1	2	2	1	1	2	2	1	2
2967	1	1	2	1	1	2	2	1	2
2968	1	1	2	1	1	2	2	1	2
2969	1	1	2	1	1	2	2	1	2
2970	1	2	2	1	1	2	2	1	2
2971	1	2	2	1	1	2	2	1	2
2972	1	2	2	1	1	2	2	1	2
2973	1	1	1	1	1	1	1	1	1
2974	1	1	1	1	1	1	1	1	1
2975	1	1	1	1	2	2	1	1	1
2976	1	1	1	1	1	2	1	1	2
2977	1	1	1	1	1	2	1	1	2
2978	1	1	1	1	1	2	1	1	1
2979	1	1	1	1	1	2	1	1	1
2980	1	1	1	1	1	2	1	1	2
2981	1	2	1	1	1	1	1	1	1
2982	1	1	1	1	1	1	1	1	1
2983	1	2	1	1	1	1	1	1	1
2984	1	1	1	1	1	1	1	1	1
2985	1	1	1	1	1	1	1	1	1
2986	1	1	1	1	1	1	1	1	1
2987	1	1	1	1	1	1	1	1	1
2988	1	1	1	1	1	1	1	1	1
2989	1	2	2	1	1	2	2	1	2
2990	1	2	1	1	1	1	2	1	1
2991	1	2	2	1	2	2	2	1	1
2992	1	2	2	1	1	2	2	1	1
2993	1	2	2	1	1	2	2	1	1
2994	1	2	2	1	1	2	2	1	2
2995	1	2	2	1	1	2	2	1	1
2996	1	2	2	1	1	2	2	1	2
2997	1	1	1	1	1	1	1	1	1
2998	1	1	1	1	1	2	2	1	1
2999	1	2	1	1	1	2	2	1	1
3000	1	2	1	1	1	1	2	1	1
3001	1	2	1	1	1	1	2	1	1
3002	1	2	1	1	1	1	2	1	1
3003	1	2	2	1	1	2	2	1	1
3004	1	1	2	1	1	2	2	1	1
3005	1	1	1	1	1	2	2	1	1
3006	1	1	2	1	1	2	2	1	1
3007	1	1	2	1	1	2	2	1	2
3008	1	2	2	1	1	2	2	2	1
3009	1	2	1	1	1	1	2	1	1
3010	1	1	1	1	1	2	2	1	1
3011	1	2	1	1	1	2	2	1	2
3012	1	1	1	1	1	1	1	1	1
3013	1	1	1	1	1	1	1	1	1
3014	1	1	1	1	1	1	2	1	1
3015	1	1	2	1	1	2	1	1	1
3016	1	1	1	1	1	1	1	1	1
3017	1	2	1	1	1	1	1	1	1
3018	1	2	1	1	1	1	1	1	1
3019	1	2	1	1	1	1	1	1	1
3020	1	1	1	1	1	1	1	1	1
3021	1	2	2	1	1	2	2	1	1
3022	1	2	2	1	1	2	2	1	1
3023	1	2	1	1	1	2	1	1	1
3024	1	2	1	1	1	2	1	1	1
3025	1	2	1	1	1	1	1	1	1
3026	1	1	1	1	1	1	1	1	1
3027	1	2	1	1	1	2	2	1	1
3028	1	2	2	1	1	2	1	1	1
3029	1	2	1	1	1	1	2	1	1
3030	1	2	2	1	1	1	1	1	1
3031	1	2	2	1	1	2	2	1	1
3032	1	2	2	1	1	2	1	1	1
3033	1	2	2	1	1	2	1	1	1
3034	1	2	1	1	1	1	1	1	1
3035	1	2	1	1	1	1	1	1	1
3036	1	2	1	1	1	1	1	1	1
3037	1	2	2	1	1	2	1	1	1
3038	1	2	1	1	1	1	1	1	1
3039	1	2	1	1	1	2	1	1	2
3040	1	2	2	1	1	2	1	1	1
3041	1	2	2	1	1	2	1	1	1
3042	1	2	2	1	1	2	1	1	2
3043	1	1	2	1	1	2	1	1	2
3044	1	2	2	1	1	2	1	1	1
3045	1	2	2	1	1	2	1	1	1
3046	1	2	1	1	1	1	1	1	1
3047	1	2	1	1	1	2	1	1	2
3048	1	2	2	1	1	2	1	1	2
3049	1	2	2	1	1	2	1	1	1
3050	1	2	2	1	1	2	1	1	2
3051	1	2	2	1	1	2	2	1	1
3052	1	2	2	1	1	2	2	1	2
3053	1	2	2	1	1	2	2	1	1
3054	1	2	1	1	1	2	2	1	1
3055	1	2	2	1	2	2	2	1	1
3056	1	2	2	1	1	2	2	1	1
3057	1	1	2	1	1	2	2	1	1
3058	1	1	2	1	1	2	2	1	1
3059	1	2	2	1	2	2	2	1	1
3060	1	2	2	1	2	2	2	1	1
3061	1	2	2	1	2	2	2	1	1
3062	1	1	1	1	2	2	2	1	1
3063	1	2	2	1	2	2	2	1	1
3064	1	2	2	1	1	1	2	1	1
3065	1	2	2	1	1	2	2	1	2
3066	1	2	2	1	1	2	2	1	2
3067	1	2	2	1	1	2	2	1	2
3068	1	2	2	1	2	2	2	1	1
3069	1	2	2	1	1	2	2	1	2
3070	1	2	1	1	1	2	2	1	1
3071	1	2	2	1	2	2	2	1	2
3072	1	2	2	1	2	2	2	1	2
3073	1	2	1	1	1	2	2	1	1
3074	1	1	1	1	1	1	1	1	1
3075	1	1	1	1	1	1	1	1	1
3076	1	1	1	1	1	1	1	1	1
3077	1	1	1	1	1	2	1	1	1
3078	1	2	1	1	1	1	1	1	1
3079	1	2	2	1	1	1	1	1	1
3080	1	2	2	1	1	2	1	1	2
3081	1	2	2	1	1	2	2	1	2
3082	1	2	2	1	1	2	2	1	1
3083	1	2	2	1	1	2	1	1	2
3084	1	1	1	1	1	1	1	1	1
3085	1	1	1	1	1	1	1	1	1
3086	1	1	1	1	1	1	1	1	1
3087	1	2	1	1	1	1	1	1	1
3088	1	2	2	1	1	2	1	1	2
3089	1	2	1	1	1	2	2	1	1
3090	1	2	2	1	1	2	2	1	1
3091	1	2	2	1	1	2	1	1	1
3092	1	2	2	1	1	2	2	1	1
3093	1	2	2	1	1	2	2	1	2
3094	1	2	2	1	1	2	2	1	2
3095	1	2	1	1	1	1	1	1	1
3096	1	2	2	1	1	2	2	1	1
3097	1	2	2	1	1	2	2	1	2
3098	1	2	2	1	1	2	2	1	1
3099	1	1	1	1	1	1	1	1	1
3100	1	2	1	1	1	1	1	1	1
3101	1	2	1	1	1	1	1	1	1
3102	1	2	1	1	1	2	1	1	1
3103	1	2	1	1	1	1	1	1	1
3104	1	2	1	1	1	1	1	1	1
3105	1	2	1	1	1	2	1	1	1
3106	1	2	1	1	1	1	1	1	1
3107	1	2	1	1	1	1	1	1	1
3108	1	2	1	1	1	1	1	1	1
3109	1	2	1	1	1	2	1	1	1
3110	1	2	1	1	1	1	1	1	1
3111	1	1	1	1	1	1	2	1	1
3112	1	2	1	1	1	1	2	1	1
3113	1	2	1	1	1	1	2	1	1
3114	1	2	1	1	1	1	2	1	1
3115	1	2	1	1	1	1	1	1	1
3116	1	2	1	1	1	1	2	1	1
3117	1	2	1	1	1	1	2	1	1
3118	1	1	1	1	1	1	2	1	1
3119	1	2	1	1	1	1	2	1	1
3120	1	2	1	1	1	1	2	1	1
3121	1	1	1	1	1	1	1	1	1
3122	1	1	1	1	1	1	1	1	1
3123	1	2	1	1	1	1	1	1	1
3124	1	2	1	1	1	1	2	1	1
3125	1	2	1	1	1	1	1	1	1
3126	1	1	1	1	1	1	1	1	1
3127	1	1	1	1	1	1	1	1	1
3128	1	1	1	1	1	1	1	1	1
3129	1	2	1	1	1	1	1	1	1
3130	1	1	1	1	1	1	1	1	1
3131	1	2	1	1	1	1	1	1	1
3132	1	1	1	1	1	1	1	1	1
3133	1	2	1	1	1	1	1	1	1
3134	1	1	1	1	1	2	1	1	1
3135	1	1	1	1	1	2	1	1	2
3136	1	1	1	1	1	2	1	1	2
3137	1	2	1	1	1	2	1	1	2
3138	1	2	1	1	1	1	1	1	1
3139	1	1	1	1	1	1	1	1	1
3140	1	2	2	1	1	2	1	1	2
3141	1	1	1	1	1	1	1	1	1
3142	1	1	1	1	1	1	1	1	1
3143	1	1	2	1	1	2	1	1	2
3144	1	1	1	1	1	1	1	1	1
3145	1	1	1	1	1	1	1	1	1
3146	1	2	1	1	1	1	1	1	1
3147	1	1	1	1	1	1	1	1	1
3148	1	2	1	1	1	1	1	1	1
3149	1	2	1	1	1	1	1	1	1
3150	1	2	1	1	1	1	2	1	1
3151	1	2	1	1	1	1	1	1	1
3152	1	2	1	1	1	1	2	1	1
3153	1	2	1	1	1	1	1	1	1
3154	1	2	1	1	1	1	1	1	1
3155	1	2	1	1	1	1	1	1	1
3156	1	2	1	1	1	1	1	1	1
3157	1	1	1	1	1	1	1	1	1
3158	1	1	1	1	1	1	1	1	1
3159	1	1	1	1	1	1	1	1	1
3160	1	1	1	1	1	1	1	1	1
3161	1	2	1	1	1	2	1	1	1
3162	1	2	2	1	1	2	1	1	1
3163	1	2	2	1	1	2	1	1	1
3164	1	1	2	1	1	2	1	1	1
3165	1	1	1	1	1	1	1	1	1
3166	1	1	1	1	1	1	1	1	1
3167	1	1	1	1	1	2	1	1	1
3168	1	1	1	1	1	1	1	1	1
3169	1	1	1	1	1	1	1	1	1
3170	1	1	2	1	1	1	1	1	1
3171	1	1	1	1	1	1	1	1	1
3172	1	1	2	1	2	2	1	1	1
3173	1	1	1	1	1	1	1	1	1
3174	1	1	2	1	1	2	1	1	2
3175	1	2	2	1	1	2	1	1	2
3176	1	1	1	1	1	1	1	1	1
3177	1	1	1	1	1	1	1	1	1
3178	1	1	1	1	1	1	1	1	1
3179	1	1	1	1	1	1	1	1	1
3180	1	1	2	1	1	1	1	1	1
3181	1	1	1	1	1	2	1	1	1
3182	1	1	1	1	1	1	1	1	1
3183	1	1	1	1	1	1	1	1	1
3184	1	1	1	1	1	2	1	1	1
3185	1	2	1	1	1	1	1	1	1
3186	1	2	2	1	1	2	1	1	1
3187	1	1	1	1	1	1	1	1	1
3188	1	1	1	1	1	1	1	1	1
3189	1	1	1	1	1	1	1	1	1
3190	1	2	1	1	1	1	1	1	1
3191	1	1	1	1	1	1	1	1	1
3192	1	1	1	1	1	1	1	1	1
3193	1	1	1	1	1	1	1	1	1
3194	1	1	1	1	1	1	1	1	1
3195	1	2	1	1	1	1	1	1	1
3196	1	2	1	1	1	1	1	1	1
3197	1	1	2	1	2	2	1	1	1
3198	1	1	2	1	2	2	1	1	1
3199	1	1	2	1	1	1	1	1	1
3200	1	2	2	1	1	2	1	1	1
3201	1	2	2	1	1	1	1	1	1
3202	1	2	1	1	1	1	1	1	1
3203	1	2	1	1	1	1	1	1	1
3204	1	2	1	1	1	1	1	1	1
3205	1	1	1	1	1	1	1	1	1
3206	1	2	1	1	1	1	1	1	1
3207	1	2	1	1	1	1	1	1	1
3208	1	2	1	1	1	1	1	1	1
3209	1	2	1	1	1	1	1	1	1
3210	1	2	1	1	1	1	1	1	1
3211	1	2	1	1	1	2	1	1	1
3212	1	2	2	1	1	2	2	1	1
3213	1	2	1	1	1	1	2	1	1
3214	1	2	1	1	1	1	1	1	1
3215	1	2	1	1	1	1	1	1	1
3216	1	2	1	1	1	1	2	1	1
3217	1	2	1	1	1	1	1	1	1
3218	1	1	1	1	1	1	1	1	1
3219	1	1	1	1	1	1	1	1	1
3220	1	2	1	1	1	1	1	1	1
3221	1	1	1	1	1	1	1	1	1
3222	1	2	1	1	1	1	1	1	1
3223	1	2	2	1	1	1	1	1	1
3224	1	2	2	1	1	2	2	1	1
3225	1	2	2	1	1	2	2	1	1
3226	1	2	1	1	1	1	2	1	1
3227	1	2	1	1	1	2	1	1	1
3228	1	2	1	1	1	1	2	1	1
3229	1	2	1	1	1	1	1	1	1
3230	1	2	1	1	1	1	1	1	1
3231	1	1	1	1	1	1	1	1	1
3232	1	2	1	1	1	1	1	1	1
3233	1	2	1	1	1	1	1	1	1
3234	1	1	1	1	1	1	1	1	1
3235	1	2	1	1	1	2	1	1	1
3236	1	2	1	1	1	2	1	1	1
3237	1	2	1	1	1	2	1	1	1
3238	1	2	1	1	1	2	1	1	1
3239	1	2	1	1	1	2	1	1	2
3240	1	2	1	1	1	1	1	1	1
3241	1	2	1	1	1	1	1	1	1
3242	1	2	1	1	1	1	1	1	1
3243	1	2	1	1	1	1	1	1	1
3244	1	2	1	1	1	2	1	1	1
3245	1	1	1	1	1	2	1	1	1
3246	1	2	1	1	1	2	2	1	1
3247	1	2	2	1	1	1	1	1	1
3248	1	2	2	1	1	1	1	1	1
3249	1	2	2	1	1	1	1	1	1
3250	1	2	2	1	1	1	1	1	1
3251	1	2	2	1	1	1	1	1	1
3252	1	2	2	1	1	2	2	1	1
3253	1	2	2	1	1	1	1	1	1
3254	1	2	2	1	1	2	1	1	1
3255	1	2	2	1	1	2	1	1	1
3256	1	2	2	1	1	1	1	1	1
3257	1	2	2	1	1	2	1	1	1
3258	1	1	1	1	1	2	1	1	1
3259	1	1	1	1	1	2	2	1	2
3260	1	1	1	1	1	2	1	1	1
3261	1	1	1	1	1	1	1	1	1
3262	1	1	1	1	1	2	2	1	2
3263	1	1	1	1	1	1	1	1	1
3264	1	1	1	1	2	2	1	1	1
3265	1	1	1	1	1	2	2	1	2
3266	1	1	1	1	1	1	1	1	1
3267	1	1	1	1	1	2	2	1	2
3268	1	1	1	1	2	2	1	1	2
3269	1	1	1	1	2	2	1	1	2
3270	1	1	1	1	1	2	2	2	2
3271	1	1	1	1	1	1	1	1	1
3272	1	1	1	1	1	1	1	1	1
3273	1	1	1	1	1	2	1	1	2
3274	1	1	1	1	1	2	1	1	2
3275	1	2	1	1	1	2	1	1	2
3276	1	2	2	1	1	2	1	1	1
3277	1	1	2	1	1	2	1	1	2
3278	1	2	2	1	1	1	1	1	1
3279	1	1	1	1	1	2	1	1	1
3280	1	2	2	1	1	2	2	1	2
3281	1	1	2	1	1	2	1	1	1
3282	1	1	1	1	1	2	1	1	1
3283	1	2	1	1	1	2	2	1	1
3284	1	2	1	1	1	1	1	1	1
3285	1	1	1	1	1	1	1	1	1
3286	1	2	2	1	1	2	2	1	2
3287	1	1	2	1	1	2	2	1	1
3288	1	2	2	1	1	2	2	1	1
3289	1	2	1	1	1	2	2	1	1
3290	1	1	1	1	1	2	2	1	2
3291	1	2	2	1	1	2	2	1	1
3292	1	2	1	1	1	1	2	1	1
3293	1	1	2	1	1	2	2	1	1
3294	1	1	2	1	1	2	2	1	1
3295	1	2	2	1	1	2	1	1	1
3296	1	2	2	1	1	2	2	1	2
3297	1	1	1	1	1	2	2	1	1
3298	1	1	1	1	1	1	1	1	1
3299	1	1	2	1	1	2	1	1	2
3300	1	2	2	1	1	2	1	1	2
3301	1	2	1	1	1	1	1	1	1
3302	1	2	1	1	1	1	1	1	1
3303	1	2	1	1	1	1	1	1	1
3304	1	2	1	1	1	1	1	1	1
3305	1	2	1	1	1	1	1	1	1
3306	1	1	2	1	1	2	2	1	2
3307	1	2	1	1	1	1	1	1	1
3308	1	2	1	1	1	1	1	1	1
3309	1	2	1	1	1	1	1	1	1
3310	1	2	1	1	1	1	1	1	1
3311	1	2	1	1	1	1	1	1	1
3312	1	2	2	1	1	2	2	1	1
3313	1	2	2	1	1	2	2	1	2
3314	1	2	2	1	1	2	2	1	2
3315	1	1	2	1	1	2	2	1	2
3316	1	2	2	1	1	2	1	1	2
3317	1	2	2	1	1	2	1	1	1
3318	1	2	1	1	1	1	1	1	1
3319	1	2	2	1	1	2	2	1	2
3320	1	2	2	1	1	2	1	1	1
3321	1	2	2	1	1	2	1	1	2
3322	1	2	2	1	1	2	1	1	2
3323	1	1	2	1	1	2	2	1	1
3324	1	1	2	1	1	2	1	1	1
3325	1	2	2	1	1	2	1	1	1
3326	1	2	2	1	1	2	2	1	2
3327	1	1	1	1	1	1	1	1	1
3328	1	1	1	1	1	1	1	1	1
3329	1	1	2	1	1	2	1	1	1
3330	1	1	2	1	1	1	1	1	1
3331	1	2	2	1	1	2	1	1	2
3332	2	1	2	2	1	2	1	1	1
3333	1	1	2	1	1	2	1	1	2
3334	1	1	1	2	2	2	1	1	1
3335	2	1	2	2	1	2	1	1	2
3336	1	1	2	2	2	2	2	1	2
3337	1	1	2	2	2	2	1	1	1
3338	2	1	2	1	2	2	2	1	2
3339	1	1	1	1	1	1	1	1	1
3340	1	2	2	1	1	2	2	1	1
3341	1	2	2	1	1	2	2	1	1
3342	1	2	1	1	1	2	2	1	1
3343	1	2	2	1	1	2	2	1	2
3344	1	1	2	1	1	2	2	1	1
3345	1	2	2	1	1	2	2	1	1
3346	1	1	2	1	1	2	2	1	2
3347	1	2	2	1	1	2	2	1	1
3348	1	1	1	1	1	2	2	1	1
3349	1	2	2	1	1	1	1	1	1
3350	1	2	2	1	1	1	1	1	1
3351	1	2	2	1	1	2	2	1	1
3352	1	2	2	1	2	2	2	1	1
3353	1	2	2	1	1	2	2	1	1
3354	1	1	2	1	1	2	2	1	1
3355	1	2	2	1	1	2	2	1	1
3356	1	2	2	1	1	2	2	1	2
3357	1	2	2	1	1	2	2	1	1
3358	1	2	1	1	1	2	2	1	1
3359	1	2	1	1	1	2	2	1	1
3360	1	2	1	1	1	2	1	1	1
3361	1	2	1	1	1	1	1	1	1
3362	1	2	1	1	1	1	1	1	1
3363	1	2	1	1	1	1	1	1	1
3364	1	2	1	1	1	1	1	1	1
3365	1	2	1	1	1	1	1	1	1
3366	1	2	1	1	1	1	1	1	1
3367	1	2	1	1	1	1	1	1	1
3368	1	2	1	1	1	1	1	1	1
3369	1	2	1	1	1	1	1	1	1
3370	1	2	1	1	1	1	1	1	1
3371	1	2	1	1	1	1	1	1	1
3372	1	2	1	1	1	1	1	1	1
3373	1	2	1	1	1	1	1	1	1
3374	1	2	2	1	1	2	1	1	2
3375	1	2	2	1	1	2	1	1	1
3376	1	2	2	1	1	2	1	1	1
3377	1	2	2	1	1	2	1	1	1
3378	1	2	2	1	1	2	1	1	1
3379	1	2	1	1	1	2	1	1	1
3380	1	1	1	1	1	1	1	1	1
3381	1	1	1	1	1	1	1	1	1
3382	1	2	2	1	1	2	1	1	1
3383	1	1	1	1	1	2	1	1	1
3384	1	2	2	1	1	2	1	1	1
3385	1	2	1	1	1	1	1	1	1
3386	1	1	1	1	1	1	1	1	1
3387	1	2	1	1	1	2	2	1	1
3388	1	2	2	1	1	2	1	1	1
3389	1	2	1	1	1	1	1	1	1
3390	1	2	2	1	1	2	2	1	2
3391	1	2	2	1	1	2	2	1	1
3392	1	2	2	1	1	2	1	1	1
3393	1	2	2	1	1	2	1	1	2
3394	1	2	2	1	1	2	2	1	2
3395	1	2	2	1	1	2	2	1	2
3396	1	2	2	1	1	2	2	1	2
3397	1	2	2	1	1	2	1	1	1
3398	1	2	2	1	1	2	1	1	1
3399	1	2	2	1	1	2	1	1	1
3400	1	2	2	1	1	2	1	2	2
3401	1	2	2	1	1	2	2	1	1
3402	1	1	2	1	1	2	2	1	1
3403	1	2	2	1	1	2	2	1	1
3404	1	2	2	1	1	2	2	1	1
3405	1	2	2	1	1	2	2	1	1
3406	1	1	2	1	1	2	2	1	1
3407	1	1	2	1	1	1	1	1	1
3408	1	1	2	1	1	2	2	1	2
3409	1	1	2	1	2	2	2	1	1
3410	1	2	2	1	1	2	2	1	1
3411	1	1	2	1	1	2	2	1	1
3412	1	1	2	1	1	2	1	1	2
3413	1	1	2	1	1	2	2	1	2
3414	1	2	1	1	1	2	1	1	2
3415	1	1	1	1	1	1	1	1	1
3416	1	1	1	1	1	1	1	1	1
3417	1	1	1	1	1	2	1	1	1
3418	1	1	2	1	1	2	1	1	2
3419	1	1	2	2	1	2	2	1	2
3420	1	1	1	1	1	2	1	1	1
3421	1	1	1	1	1	1	1	1	1
3422	1	2	1	1	1	1	1	1	1
3423	1	1	2	1	1	2	1	1	2
3424	1	1	2	1	1	2	2	1	2
3425	1	2	2	1	1	2	1	1	2
3426	1	2	2	1	1	1	1	1	1
3427	1	2	1	1	1	2	1	1	2
3428	1	2	2	1	1	1	1	1	1
3429	1	2	2	1	1	2	1	1	1
3430	1	2	1	1	1	1	1	1	1
3431	1	2	2	1	1	1	1	1	1
3432	1	2	1	1	1	1	1	1	1
3433	1	2	2	1	1	2	1	1	2
3434	1	1	2	1	1	2	1	1	1
3435	1	1	2	1	1	2	1	1	1
3436	1	1	1	1	1	2	1	1	1
3437	1	1	1	1	1	1	1	1	1
3438	1	1	1	1	1	2	1	1	2
3439	1	1	1	1	1	2	2	1	2
3440	1	1	1	1	1	1	1	1	1
3441	1	1	1	1	1	2	1	1	1
3442	1	1	1	1	1	1	1	1	1
3443	1	1	2	1	1	2	2	1	2
3444	1	1	2	1	1	2	2	1	2
3445	1	1	2	1	1	2	1	1	2
3446	1	1	1	1	2	2	1	2	2
3447	1	1	1	1	1	1	1	1	1
3448	1	2	2	1	1	2	1	1	1
3449	1	2	2	1	1	2	1	1	1
3450	1	2	2	1	1	2	1	1	1
3451	1	2	2	1	1	2	1	1	1
3452	1	2	1	1	1	2	1	1	1
3453	1	2	1	1	1	2	2	1	1
3454	1	2	1	1	1	2	2	1	1
3455	1	1	1	1	2	1	1	1	1
3456	1	2	1	1	1	1	1	1	1
3457	1	1	1	1	1	1	1	1	1
3458	1	2	2	1	1	2	1	1	1
3459	1	2	2	1	1	2	1	1	1
3460	1	2	1	1	1	1	1	1	1
3461	1	2	2	1	1	1	1	1	1
3462	1	2	1	1	1	2	1	1	1
3463	1	2	2	1	1	2	1	1	1
3464	1	1	2	1	1	2	1	1	1
3465	1	2	2	1	1	1	1	1	1
3466	1	2	2	1	1	1	1	1	1
3467	1	2	1	1	1	1	1	1	1
3468	1	2	1	1	1	1	1	1	1
3469	1	2	1	1	1	1	1	1	1
3470	1	2	1	1	1	1	1	1	1
3471	1	2	1	1	1	1	1	1	1
3472	1	1	2	1	2	2	2	1	2
3473	1	1	2	1	1	2	2	2	2
3474	1	2	2	2	2	2	2	1	2
3475	1	2	1	1	2	2	2	2	1
3476	1	1	2	2	2	2	2	2	2
3477	1	2	2	2	2	2	2	1	2
3478	1	1	2	1	2	2	2	1	2
3479	1	1	2	2	2	2	2	1	2
3480	1	2	2	2	2	2	2	2	2
3481	1	2	2	1	1	2	2	1	2
3482	1	1	1	1	1	1	1	1	1
3483	1	1	1	1	1	1	1	1	1
3484	1	1	2	2	1	2	1	1	2
3485	1	1	2	1	1	2	1	1	2
3486	1	1	2	1	2	2	2	1	2
3487	1	2	2	1	1	2	1	1	2
3488	1	2	1	1	1	2	1	1	2
3489	1	1	2	1	1	2	1	1	2
3490	1	1	2	1	1	2	2	1	2
3491	1	1	2	1	1	2	2	1	2
3492	1	1	2	1	2	2	1	2	2
3493	1	2	2	1	1	1	1	1	1
3494	2	1	1	2	1	2	2	1	2
3495	2	1	2	2	2	2	2	1	2
3496	2	2	1	2	2	2	2	1	2
3497	1	2	1	1	2	2	2	1	1
3498	1	2	2	1	2	2	2	1	2
3499	1	2	2	1	2	2	2	2	2
3500	1	2	2	1	1	2	2	1	2
3501	2	2	1	2	1	2	2	1	1
3502	2	2	1	2	2	2	1	1	2
3503	2	2	1	2	2	2	1	1	1
3504	1	2	2	1	1	2	1	1	1
3505	1	1	2	1	1	2	2	1	1
3506	1	2	2	1	1	2	1	1	2
3507	1	2	2	1	1	2	2	1	2
3508	1	2	1	1	1	2	2	1	2
3509	1	1	2	1	1	2	1	1	1
3510	1	2	1	1	1	2	2	1	1
3511	1	1	2	1	1	2	1	1	1
3512	1	2	2	1	1	2	2	1	1
3513	1	2	2	1	1	2	2	1	1
3514	1	2	1	1	1	2	2	1	1
3515	1	2	1	1	1	2	1	1	1
3516	1	1	1	1	1	1	1	1	1
3517	1	1	1	1	1	2	1	1	1
3518	1	1	2	1	1	2	1	1	1
3519	1	1	2	1	2	2	2	1	1
3520	1	1	1	1	1	2	1	1	1
3521	1	1	1	1	1	1	1	1	1
3522	1	1	2	1	1	2	1	1	2
3523	1	1	2	1	2	2	2	1	2
3524	1	1	2	1	2	2	1	1	1
3525	1	1	1	1	2	2	2	1	1
3526	1	1	1	1	1	2	2	1	1
3527	1	1	2	1	1	2	2	1	2
3528	1	1	1	1	1	2	1	1	1
3529	1	1	1	1	1	1	1	1	1
3530	1	1	2	1	1	2	2	1	1
3531	1	1	2	1	1	2	2	2	2
3532	1	1	1	1	1	2	2	1	1
3533	1	2	1	1	1	2	2	1	1
3534	1	1	2	1	1	2	2	1	1
3535	1	1	2	1	1	2	2	1	1
3536	1	1	2	1	1	2	2	1	1
3537	1	1	2	1	1	2	2	1	2
3538	1	1	1	1	1	1	1	1	1
3539	1	1	2	1	1	2	2	1	1
3540	1	1	2	1	1	2	2	1	1
3541	1	1	2	1	1	2	2	1	1
3542	1	1	2	1	1	1	2	1	1
3543	1	1	2	1	1	2	2	1	1
3544	1	1	2	1	1	1	1	1	1
3545	1	1	2	1	1	1	1	1	1
3546	1	1	2	1	1	2	2	1	1
3547	1	1	2	1	1	2	1	1	1
3548	1	2	2	1	1	1	2	1	1
3549	1	1	1	1	1	1	1	1	1
3550	1	1	2	1	1	2	1	1	2
3551	1	1	2	1	1	2	2	1	2
3552	1	1	2	1	1	2	1	2	1
3553	1	1	2	1	1	2	2	1	2
3554	1	1	2	1	1	2	2	1	1
3555	1	1	2	1	1	2	2	1	1
3556	1	1	2	2	1	2	2	2	1
3557	1	1	2	1	2	2	2	1	1
3558	1	1	2	2	2	2	2	1	2
3559	1	1	2	2	2	1	1	2	1
3560	1	1	2	1	1	2	2	2	2
3561	2	2	1	2	1	1	1	1	1
3562	2	2	1	1	1	1	1	1	2
3563	2	2	1	1	1	2	1	1	1
3564	2	2	2	1	1	2	1	1	2
3565	2	2	1	1	2	2	1	1	2
3566	2	1	2	1	1	1	1	1	1
3567	1	2	1	1	1	1	1	2	1
3568	1	1	1	1	1	1	1	1	1
3569	1	1	1	1	1	1	1	1	1
3570	1	1	2	1	1	2	1	1	2
3571	1	1	2	1	1	2	1	1	1
3572	1	1	1	1	1	1	1	1	1
3573	1	1	1	1	1	1	1	1	1
3574	1	1	1	1	1	1	1	1	1
3575	1	1	1	1	1	1	1	1	1
3576	1	1	2	1	1	2	1	1	1
3577	1	1	2	1	1	2	1	1	2
3578	1	2	1	1	1	2	1	1	1
3579	1	1	1	1	1	1	1	1	1
3580	1	1	1	1	1	1	1	1	1
3581	1	1	2	1	1	2	1	1	2
3582	1	1	1	1	1	1	1	1	1
3583	1	1	1	1	1	1	1	1	1
3584	1	2	2	1	1	2	1	1	1
3585	1	2	1	1	1	2	1	1	2
3586	1	2	2	1	1	2	2	1	2
3587	1	2	1	1	1	1	1	1	2
3588	1	1	2	1	1	2	1	1	1
3589	1	1	1	1	1	2	1	1	1
3590	1	1	2	1	1	1	1	1	1
3591	1	1	2	1	1	2	1	1	2
3592	1	1	2	1	1	2	1	1	2
3593	1	1	2	1	1	2	1	1	2
3594	1	1	2	1	1	2	1	1	2
3595	1	1	2	1	1	2	1	1	1
3596	1	1	2	1	1	2	1	1	1
3597	1	1	2	1	1	2	1	1	2
3598	2	2	2	2	1	2	1	1	2
3599	2	2	2	1	1	2	1	1	1
3600	2	1	2	1	1	2	2	1	2
3601	2	1	2	1	2	2	2	1	2
3602	2	2	2	2	1	2	2	1	2
3603	2	2	2	1	1	2	1	1	2
3604	2	1	2	2	1	2	2	1	1
3605	2	1	2	1	2	2	1	1	2
3606	2	1	1	1	1	2	1	1	1
3607	2	1	2	1	1	2	1	1	1
3608	1	1	2	1	1	2	1	1	1
3609	2	2	2	1	1	2	1	1	2
3610	2	2	1	1	1	2	1	1	1
3611	1	1	2	1	1	2	1	1	1
3612	1	2	1	2	1	1	1	1	1
3613	1	2	1	2	1	1	1	1	1
3614	2	2	1	2	1	2	1	1	2
3615	2	2	1	2	1	1	1	1	1
3616	2	2	1	2	1	1	1	1	1
3617	1	1	1	1	1	1	1	1	1
3618	1	1	1	1	1	1	1	1	1
3619	1	1	1	1	1	1	1	1	1
3620	1	1	1	1	1	1	1	1	1
3621	1	1	1	1	1	1	1	1	1
3622	2	1	1	1	1	2	1	1	1
3623	2	2	2	1	1	2	1	1	2
3624	2	1	2	1	1	2	1	1	2
3625	2	1	2	1	1	2	1	1	2
3626	2	2	2	1	2	2	1	1	1
3627	2	2	1	1	1	1	1	1	1
3628	2	1	2	1	1	2	1	1	2
3629	2	1	1	1	1	1	1	1	1
3630	2	1	1	1	1	2	1	1	1
3631	2	1	1	1	1	2	1	1	1
3632	2	2	1	1	1	1	1	1	1
3633	2	2	1	1	1	1	1	1	1
3634	2	1	1	1	2	1	1	1	1
3635	2	2	2	2	1	2	1	1	1
3636	2	2	2	1	1	2	1	1	2
3637	2	2	1	2	1	2	1	1	1
3638	1	2	2	2	1	2	1	1	2
3639	1	1	1	1	1	2	1	1	1
3640	2	2	2	1	1	1	1	1	1
3641	2	2	2	1	1	2	1	1	1
3642	1	2	1	1	1	1	1	1	1
3643	1	1	1	1	1	1	1	1	1
3644	1	1	1	1	1	1	1	1	1
3645	2	2	1	1	1	2	1	1	1
3646	2	1	2	1	1	2	1	1	2
3647	2	2	2	1	2	2	2	1	2
3648	2	2	2	1	1	1	1	1	1
3649	2	2	1	1	2	2	1	1	1
3650	1	1	1	1	1	1	1	1	1
3651	1	1	1	1	1	1	1	1	1
3652	1	1	1	1	1	1	1	1	1
3653	1	1	1	1	1	1	1	1	1
3654	1	1	1	1	1	1	1	1	1
3655	1	1	1	1	1	1	1	1	1
3656	1	1	1	1	1	1	1	1	1
3657	1	1	1	1	1	1	1	1	1
3658	1	1	2	1	1	2	1	1	1
3659	1	1	1	1	1	1	1	1	1
3660	1	1	1	1	1	1	1	1	1
3661	1	1	2	1	1	2	1	1	1
3662	1	1	1	1	1	1	1	1	1
3663	1	1	2	1	1	2	1	1	1
3664	1	1	1	1	1	1	1	1	1
3665	1	1	1	1	1	2	1	1	1
3666	1	1	2	1	1	2	1	1	1
3667	1	1	1	1	1	2	2	1	1
3668	1	1	2	1	1	2	1	1	2
3669	1	1	2	1	1	2	2	1	1
3670	1	1	2	1	1	2	1	1	2
3671	1	1	2	1	1	2	1	1	1
3672	1	1	1	1	1	2	1	1	1
3673	1	1	1	1	1	1	1	1	1
3674	1	1	1	1	1	1	1	1	1
3675	1	1	2	1	1	2	1	1	1
3676	1	1	2	1	1	2	1	1	2
3677	1	2	2	1	1	2	2	1	2
3678	1	1	1	1	1	1	1	1	1
3679	1	1	2	1	1	2	2	1	2
3680	1	1	2	1	1	2	2	1	2
3681	1	1	2	1	1	2	1	1	2
3682	1	1	2	1	1	2	2	1	2
3683	1	1	2	1	1	2	1	1	2
3684	1	1	2	1	1	2	1	1	2
3685	1	1	2	1	1	2	1	1	2
3686	1	1	2	1	1	2	1	1	2
3687	1	1	2	1	1	2	1	1	2
3688	1	1	2	1	1	2	1	1	2
3689	1	1	2	1	1	2	2	1	2
3690	1	1	2	1	1	2	2	1	2
3691	1	1	2	1	1	2	1	1	2
3692	1	1	2	1	1	2	1	1	1
3693	1	1	2	1	1	2	2	1	2
3694	1	1	1	1	1	2	1	1	1
3695	1	1	2	1	1	2	1	1	2
3696	1	1	2	1	1	2	1	1	2
3697	1	1	2	1	1	2	1	1	2
3698	1	1	2	1	1	2	1	1	2
3699	1	1	2	1	1	2	1	1	2
3700	1	1	2	1	1	2	1	1	2
3701	1	1	1	1	1	1	1	1	1
3702	1	1	2	1	1	2	1	1	2
3703	1	1	2	1	1	2	1	1	2
3704	1	1	2	1	1	2	1	1	1
3705	1	1	2	1	1	2	1	1	1
3706	1	1	1	1	1	2	1	1	1
3707	1	1	1	1	1	1	1	1	1
3708	1	1	2	1	1	2	1	1	1
3709	1	1	2	1	1	2	1	1	1
3710	1	1	1	1	1	2	1	1	1
3711	1	1	1	1	1	2	1	1	1
3712	1	1	1	1	1	1	1	1	1
3713	1	1	1	2	1	1	1	1	1
3714	2	2	2	1	1	2	1	1	1
3715	2	2	2	1	1	2	1	1	1
3716	2	1	2	1	1	2	1	1	1
3717	2	2	1	2	1	1	1	1	1
3718	2	1	1	1	1	1	1	1	1
3719	2	2	1	1	1	2	1	1	1
3720	2	2	2	2	1	2	1	1	1
3721	2	1	1	1	1	1	1	1	1
3722	2	2	2	1	1	2	1	1	1
3723	2	1	2	1	1	2	1	1	1
3724	1	1	2	1	1	2	1	1	2
3725	2	2	2	2	1	1	1	1	1
3726	2	1	2	1	1	1	1	1	1
3727	1	1	2	1	1	1	1	1	1
3728	1	1	1	1	1	1	1	1	1
3729	2	2	1	2	2	2	2	1	1
3730	2	2	1	1	2	2	1	1	2
3731	2	1	2	2	2	2	1	1	1
3732	2	2	1	1	2	2	1	1	2
3733	2	1	2	1	1	2	1	1	2
3734	1	1	1	1	1	1	1	1	1
3735	1	1	1	1	1	1	1	1	1
3736	1	1	1	1	1	1	1	1	1
3737	1	1	1	1	1	1	1	1	1
3738	1	1	1	1	1	2	1	1	1
3739	2	1	1	1	1	2	1	1	2
3740	2	1	2	1	1	2	2	1	2
3741	2	2	2	1	1	2	1	1	2
3742	2	2	2	1	1	2	2	1	2
3743	2	2	2	1	1	2	2	1	2
3744	2	2	2	1	2	2	2	1	2
3745	2	2	2	1	1	2	2	1	2
3746	2	2	2	1	2	2	2	1	2
3747	2	2	2	2	2	2	2	1	2
3748	2	2	2	2	2	2	1	1	2
3749	2	2	2	2	2	2	1	2	2
3750	2	2	2	2	2	2	2	2	2
3751	2	2	2	2	2	2	1	1	2
3752	1	2	2	1	1	2	1	1	2
3753	2	1	2	2	1	2	1	2	2
